#           k/h    P           
   0.100000E-03   0.157511E+03
   0.102020E-03   0.160571E+03
   0.104081E-03   0.163690E+03
   0.106184E-03   0.166869E+03
   0.108329E-03   0.170111E+03
   0.110517E-03   0.173415E+03
   0.112750E-03   0.176783E+03
   0.115027E-03   0.180217E+03
   0.117351E-03   0.183717E+03
   0.119722E-03   0.187285E+03
   0.122140E-03   0.190923E+03
   0.124608E-03   0.194630E+03
   0.127125E-03   0.198410E+03
   0.129693E-03   0.202263E+03
   0.132313E-03   0.206191E+03
   0.134986E-03   0.210195E+03
   0.137713E-03   0.214277E+03
   0.140495E-03   0.218437E+03
   0.143333E-03   0.222679E+03
   0.146228E-03   0.227002E+03
   0.149182E-03   0.231409E+03
   0.152196E-03   0.235902E+03
   0.155271E-03   0.240482E+03
   0.158407E-03   0.245150E+03
   0.161607E-03   0.249909E+03
   0.164872E-03   0.254760E+03
   0.168203E-03   0.259705E+03
   0.171601E-03   0.264745E+03
   0.175067E-03   0.269883E+03
   0.178604E-03   0.275121E+03
   0.182212E-03   0.280460E+03
   0.185893E-03   0.285902E+03
   0.189648E-03   0.291450E+03
   0.193479E-03   0.297104E+03
   0.197388E-03   0.302868E+03
   0.201375E-03   0.308744E+03
   0.205443E-03   0.314733E+03
   0.209594E-03   0.320838E+03
   0.213828E-03   0.327060E+03
   0.218147E-03   0.333403E+03
   0.222554E-03   0.339868E+03
   0.227050E-03   0.346458E+03
   0.231637E-03   0.353176E+03
   0.236316E-03   0.360022E+03
   0.241090E-03   0.367001E+03
   0.245960E-03   0.374115E+03
   0.250929E-03   0.381365E+03
   0.255998E-03   0.388756E+03
   0.261170E-03   0.396288E+03
   0.266446E-03   0.403966E+03
   0.271828E-03   0.411791E+03
   0.277319E-03   0.419767E+03
   0.282922E-03   0.427896E+03
   0.288637E-03   0.436182E+03
   0.294468E-03   0.444627E+03
   0.300417E-03   0.453234E+03
   0.306485E-03   0.462006E+03
   0.312677E-03   0.470947E+03
   0.318993E-03   0.480059E+03
   0.325437E-03   0.489345E+03
   0.332012E-03   0.498810E+03
   0.338719E-03   0.508456E+03
   0.345561E-03   0.518287E+03
   0.352542E-03   0.528305E+03
   0.359664E-03   0.538515E+03
   0.366930E-03   0.548920E+03
   0.374342E-03   0.559524E+03
   0.381904E-03   0.570330E+03
   0.389619E-03   0.581342E+03
   0.397490E-03   0.592564E+03
   0.405520E-03   0.604000E+03
   0.413712E-03   0.615653E+03
   0.422070E-03   0.627527E+03
   0.430596E-03   0.639627E+03
   0.439295E-03   0.651957E+03
   0.448169E-03   0.664520E+03
   0.457222E-03   0.677322E+03
   0.466459E-03   0.690365E+03
   0.475882E-03   0.703655E+03
   0.485496E-03   0.717196E+03
   0.495303E-03   0.730993E+03
   0.505309E-03   0.745049E+03
   0.515517E-03   0.759370E+03
   0.525931E-03   0.773961E+03
   0.536556E-03   0.788825E+03
   0.547395E-03   0.803968E+03
   0.558453E-03   0.819395E+03
   0.569734E-03   0.835111E+03
   0.581244E-03   0.851120E+03
   0.592986E-03   0.867428E+03
   0.604965E-03   0.884040E+03
   0.617186E-03   0.900960E+03
   0.629654E-03   0.918195E+03
   0.642374E-03   0.935750E+03
   0.655350E-03   0.953630E+03
   0.668589E-03   0.971841E+03
   0.682096E-03   0.990388E+03
   0.695875E-03   0.100928E+04
   0.709933E-03   0.102851E+04
   0.724274E-03   0.104810E+04
   0.738906E-03   0.106805E+04
   0.753832E-03   0.108836E+04
   0.769061E-03   0.110905E+04
   0.784597E-03   0.113011E+04
   0.800447E-03   0.115155E+04
   0.816617E-03   0.117338E+04
   0.833114E-03   0.119561E+04
   0.849944E-03   0.121824E+04
   0.867114E-03   0.124128E+04
   0.884631E-03   0.126473E+04
   0.902501E-03   0.128861E+04
   0.920733E-03   0.131291E+04
   0.939333E-03   0.133764E+04
   0.958309E-03   0.136281E+04
   0.977668E-03   0.138844E+04
   0.997418E-03   0.141451E+04
   0.101757E-02   0.144105E+04
   0.103812E-02   0.146805E+04
   0.105910E-02   0.149553E+04
   0.108049E-02   0.152349E+04
   0.110232E-02   0.155193E+04
   0.112459E-02   0.158088E+04
   0.114730E-02   0.161032E+04
   0.117048E-02   0.164027E+04
   0.119413E-02   0.167074E+04
   0.121825E-02   0.170173E+04
   0.124286E-02   0.173326E+04
   0.126797E-02   0.176532E+04
   0.129358E-02   0.179792E+04
   0.131971E-02   0.183108E+04
   0.134637E-02   0.186479E+04
   0.137357E-02   0.189907E+04
   0.140132E-02   0.193392E+04
   0.142963E-02   0.196935E+04
   0.145851E-02   0.200537E+04
   0.148797E-02   0.204198E+04
   0.151803E-02   0.207920E+04
   0.154870E-02   0.211702E+04
   0.157998E-02   0.215545E+04
   0.161190E-02   0.219450E+04
   0.164446E-02   0.223418E+04
   0.167768E-02   0.227449E+04
   0.171158E-02   0.231545E+04
   0.174615E-02   0.235705E+04
   0.178143E-02   0.239930E+04
   0.181741E-02   0.244221E+04
   0.185413E-02   0.248578E+04
   0.189158E-02   0.253002E+04
   0.192980E-02   0.257494E+04
   0.196878E-02   0.262054E+04
   0.200855E-02   0.266683E+04
   0.204913E-02   0.271380E+04
   0.209052E-02   0.276147E+04
   0.213276E-02   0.280985E+04
   0.217584E-02   0.285892E+04
   0.221979E-02   0.290871E+04
   0.226464E-02   0.295921E+04
   0.231039E-02   0.301042E+04
   0.235706E-02   0.306236E+04
   0.240467E-02   0.311501E+04
   0.245325E-02   0.316839E+04
   0.250281E-02   0.322250E+04
   0.255337E-02   0.327734E+04
   0.260495E-02   0.333291E+04
   0.265758E-02   0.338921E+04
   0.271126E-02   0.344624E+04
   0.276603E-02   0.350401E+04
   0.282191E-02   0.356251E+04
   0.287892E-02   0.362174E+04
   0.293708E-02   0.368170E+04
   0.299641E-02   0.374239E+04
   0.305694E-02   0.380381E+04
   0.311870E-02   0.386595E+04
   0.318170E-02   0.392882E+04
   0.324597E-02   0.399240E+04
   0.331155E-02   0.405670E+04
   0.337844E-02   0.412170E+04
   0.344669E-02   0.418741E+04
   0.351632E-02   0.425381E+04
   0.358735E-02   0.432090E+04
   0.365982E-02   0.438867E+04
   0.373376E-02   0.445712E+04
   0.380918E-02   0.452622E+04
   0.388613E-02   0.459598E+04
   0.396464E-02   0.466638E+04
   0.404473E-02   0.473741E+04
   0.412644E-02   0.480906E+04
   0.420980E-02   0.488130E+04
   0.429484E-02   0.495414E+04
   0.438160E-02   0.502754E+04
   0.447012E-02   0.510150E+04
   0.456042E-02   0.517600E+04
   0.465255E-02   0.525101E+04
   0.474653E-02   0.532653E+04
   0.484242E-02   0.540251E+04
   0.494024E-02   0.547895E+04
   0.504004E-02   0.555583E+04
   0.514186E-02   0.563310E+04
   0.524573E-02   0.571076E+04
   0.535170E-02   0.578877E+04
   0.545981E-02   0.586711E+04
   0.557011E-02   0.594574E+04
   0.568263E-02   0.602463E+04
   0.579743E-02   0.610375E+04
   0.591455E-02   0.618307E+04
   0.603403E-02   0.626255E+04
   0.615592E-02   0.634216E+04
   0.628028E-02   0.642185E+04
   0.640715E-02   0.650158E+04
   0.653658E-02   0.658132E+04
   0.666863E-02   0.666102E+04
   0.680335E-02   0.674063E+04
   0.694078E-02   0.682011E+04
   0.708100E-02   0.689941E+04
   0.722404E-02   0.697848E+04
   0.736998E-02   0.705727E+04
   0.751886E-02   0.713573E+04
   0.767075E-02   0.721379E+04
   0.782571E-02   0.729141E+04
   0.798380E-02   0.736852E+04
   0.814509E-02   0.744506E+04
   0.830963E-02   0.752097E+04
   0.847750E-02   0.759619E+04
   0.864875E-02   0.767064E+04
   0.882347E-02   0.774427E+04
   0.900171E-02   0.781700E+04
   0.918356E-02   0.788875E+04
   0.936908E-02   0.795946E+04
   0.955835E-02   0.802905E+04
   0.975144E-02   0.809744E+04
   0.994843E-02   0.816455E+04
   0.101494E-01   0.823029E+04
   0.103544E-01   0.829460E+04
   0.105636E-01   0.835737E+04
   0.107770E-01   0.841853E+04
   0.109947E-01   0.847798E+04
   0.112168E-01   0.853564E+04
   0.114434E-01   0.859141E+04
   0.116746E-01   0.864519E+04
   0.119104E-01   0.869691E+04
   0.121510E-01   0.874645E+04
   0.123965E-01   0.879373E+04
   0.126469E-01   0.883864E+04
   0.129024E-01   0.888109E+04
   0.131631E-01   0.892097E+04
   0.134290E-01   0.895819E+04
   0.137003E-01   0.899264E+04
   0.139770E-01   0.902423E+04
   0.142594E-01   0.905285E+04
   0.145474E-01   0.907840E+04
   0.148413E-01   0.910079E+04
   0.151411E-01   0.911992E+04
   0.154470E-01   0.913569E+04
   0.157590E-01   0.914800E+04
   0.160774E-01   0.915676E+04
   0.164022E-01   0.916188E+04
   0.167335E-01   0.916328E+04
   0.170716E-01   0.916086E+04
   0.174164E-01   0.915455E+04
   0.177683E-01   0.914427E+04
   0.181272E-01   0.912995E+04
   0.184934E-01   0.911152E+04
   0.188670E-01   0.908893E+04
   0.192481E-01   0.906212E+04
   0.196370E-01   0.903104E+04
   0.200337E-01   0.899566E+04
   0.204384E-01   0.895595E+04
   0.208513E-01   0.891190E+04
   0.212725E-01   0.886348E+04
   0.217022E-01   0.881071E+04
   0.221406E-01   0.875359E+04
   0.225879E-01   0.869214E+04
   0.230442E-01   0.862642E+04
   0.235097E-01   0.855648E+04
   0.239847E-01   0.848236E+04
   0.244692E-01   0.840415E+04
   0.249635E-01   0.832195E+04
   0.254678E-01   0.823588E+04
   0.259823E-01   0.814606E+04
   0.265072E-01   0.805263E+04
   0.270426E-01   0.795573E+04
   0.275889E-01   0.785556E+04
   0.281463E-01   0.775231E+04
   0.287149E-01   0.764620E+04
   0.292949E-01   0.753743E+04
   0.298867E-01   0.742621E+04
   0.304905E-01   0.731284E+04
   0.311064E-01   0.719760E+04
   0.317348E-01   0.708077E+04
   0.323759E-01   0.696262E+04
   0.330299E-01   0.684343E+04
   0.336972E-01   0.672354E+04
   0.343779E-01   0.660327E+04
   0.350724E-01   0.648294E+04
   0.357809E-01   0.636283E+04
   0.365038E-01   0.624326E+04
   0.372412E-01   0.612461E+04
   0.379935E-01   0.600724E+04
   0.387610E-01   0.589151E+04
   0.395440E-01   0.577771E+04
   0.403429E-01   0.566613E+04
   0.411579E-01   0.555693E+04
   0.419893E-01   0.545028E+04
   0.428375E-01   0.534630E+04
   0.437029E-01   0.524513E+04
   0.445858E-01   0.514695E+04
   0.454865E-01   0.505211E+04
   0.464053E-01   0.496093E+04
   0.473428E-01   0.487375E+04
   0.482992E-01   0.479083E+04
   0.492749E-01   0.471213E+04
   0.502703E-01   0.463727E+04
   0.512858E-01   0.456582E+04
   0.523219E-01   0.449743E+04
   0.533789E-01   0.443177E+04
   0.544572E-01   0.436866E+04
   0.555573E-01   0.430796E+04
   0.566796E-01   0.424954E+04
   0.578246E-01   0.419315E+04
   0.589927E-01   0.413826E+04
   0.601845E-01   0.408427E+04
   0.614003E-01   0.403063E+04
   0.626407E-01   0.397678E+04
   0.639061E-01   0.392214E+04
   0.651971E-01   0.386618E+04
   0.665142E-01   0.380836E+04
   0.678578E-01   0.374816E+04
   0.692287E-01   0.368507E+04
   0.706272E-01   0.361862E+04
   0.720539E-01   0.354852E+04
   0.735095E-01   0.347460E+04
   0.749945E-01   0.339674E+04
   0.765095E-01   0.331504E+04
   0.780551E-01   0.322974E+04
   0.796319E-01   0.314115E+04
   0.812406E-01   0.304981E+04
   0.828817E-01   0.295636E+04
   0.845561E-01   0.286147E+04
   0.862642E-01   0.276596E+04
   0.880068E-01   0.267060E+04
   0.897847E-01   0.257626E+04
   0.915985E-01   0.248385E+04
   0.934489E-01   0.239423E+04
   0.953367E-01   0.230835E+04
   0.972626E-01   0.222708E+04
   0.992274E-01   0.215114E+04
   0.101232E+00   0.208114E+04
   0.103277E+00   0.201758E+04
   0.105363E+00   0.196058E+04
   0.107492E+00   0.190996E+04
   0.109663E+00   0.186542E+04
   0.111879E+00   0.182620E+04
   0.114139E+00   0.179142E+04
   0.116445E+00   0.176008E+04
   0.118797E+00   0.173101E+04
   0.121197E+00   0.170307E+04
   0.123645E+00   0.167507E+04
   0.126143E+00   0.164589E+04
   0.128691E+00   0.161450E+04
   0.131291E+00   0.158000E+04
   0.133943E+00   0.154183E+04
   0.136649E+00   0.149968E+04
   0.139409E+00   0.145375E+04
   0.142226E+00   0.140453E+04
   0.145099E+00   0.135294E+04
   0.148030E+00   0.130007E+04
   0.151020E+00   0.124720E+04
   0.154071E+00   0.119561E+04
   0.157184E+00   0.114665E+04
   0.160359E+00   0.110152E+04
   0.163598E+00   0.106116E+04
   0.166903E+00   0.102602E+04
   0.170275E+00   0.996089E+03
   0.173715E+00   0.970838E+03
   0.177224E+00   0.949379E+03
   0.180804E+00   0.930517E+03
   0.184457E+00   0.913000E+03
   0.188183E+00   0.895541E+03
   0.191985E+00   0.876862E+03
   0.195863E+00   0.855934E+03
   0.199820E+00   0.832217E+03
   0.203856E+00   0.805761E+03
   0.207974E+00   0.777143E+03
   0.212176E+00   0.747368E+03
   0.216462E+00   0.717642E+03
   0.220835E+00   0.689172E+03
   0.225296E+00   0.663016E+03
   0.229847E+00   0.639882E+03
   0.234490E+00   0.619978E+03
   0.239227E+00   0.603018E+03
   0.244060E+00   0.588324E+03
   0.248990E+00   0.574941E+03
   0.254020E+00   0.561757E+03
   0.259152E+00   0.547734E+03
   0.264387E+00   0.532257E+03
   0.269728E+00   0.515337E+03
   0.275177E+00   0.497472E+03
   0.280736E+00   0.479372E+03
   0.286407E+00   0.461836E+03
   0.292193E+00   0.445591E+03
   0.298096E+00   0.431140E+03
   0.304118E+00   0.418488E+03
   0.310261E+00   0.407151E+03
   0.316529E+00   0.396479E+03
   0.322923E+00   0.385887E+03
   0.329447E+00   0.374827E+03
   0.336102E+00   0.363143E+03
   0.342892E+00   0.351161E+03
   0.349819E+00   0.339304E+03
   0.356885E+00   0.328051E+03
   0.364095E+00   0.317704E+03
   0.371450E+00   0.308299E+03
   0.378954E+00   0.299598E+03
   0.386609E+00   0.291219E+03
   0.394419E+00   0.282863E+03
   0.402387E+00   0.274370E+03
   0.410516E+00   0.265827E+03
   0.418809E+00   0.257525E+03
   0.427269E+00   0.249641E+03
   0.435901E+00   0.242313E+03
   0.444706E+00   0.235398E+03
   0.453690E+00   0.228756E+03
   0.462855E+00   0.222241E+03
   0.472206E+00   0.215782E+03
   0.481745E+00   0.209439E+03
   0.491477E+00   0.203351E+03
   0.501405E+00   0.197554E+03
   0.511534E+00   0.192043E+03
   0.521868E+00   0.186753E+03
   0.532411E+00   0.181596E+03
   0.543166E+00   0.176561E+03
   0.554139E+00   0.171665E+03
   0.565333E+00   0.166974E+03
   0.576753E+00   0.162472E+03
   0.588404E+00   0.158144E+03
   0.600291E+00   0.153946E+03
   0.612418E+00   0.149873E+03
   0.624789E+00   0.145926E+03
   0.637411E+00   0.142129E+03
   0.650288E+00   0.138464E+03
   0.663424E+00   0.134922E+03
   0.676826E+00   0.131498E+03
   0.690499E+00   0.128185E+03
   0.704448E+00   0.124979E+03
   0.718679E+00   0.121876E+03
   0.733197E+00   0.118874E+03
   0.748009E+00   0.115968E+03
   0.763119E+00   0.113154E+03
   0.778536E+00   0.110431E+03
   0.794263E+00   0.107793E+03
   0.810308E+00   0.105237E+03
   0.826677E+00   0.102760E+03
   0.843378E+00   0.100357E+03
   0.860415E+00   0.980253E+02
   0.877797E+00   0.957623E+02
   0.895529E+00   0.935648E+02
   0.913620E+00   0.914302E+02
   0.932076E+00   0.893557E+02
   0.950906E+00   0.873389E+02
   0.970115E+00   0.853774E+02
   0.989713E+00   0.834690E+02
   0.100971E+01   0.816115E+02
   0.103010E+01   0.798027E+02
   0.105091E+01   0.780406E+02
   0.107214E+01   0.763229E+02
   0.109380E+01   0.746479E+02
   0.111590E+01   0.730134E+02
   0.113844E+01   0.714179E+02
   0.116144E+01   0.698596E+02
   0.118490E+01   0.683369E+02
   0.120884E+01   0.668482E+02
   0.123326E+01   0.653923E+02
   0.125817E+01   0.639677E+02
   0.128359E+01   0.625731E+02
   0.130952E+01   0.612073E+02
   0.133597E+01   0.598692E+02
   0.136296E+01   0.585576E+02
   0.139049E+01   0.572717E+02
   0.141858E+01   0.560104E+02
   0.144724E+01   0.547728E+02
   0.147648E+01   0.535579E+02
   0.150630E+01   0.523652E+02
   0.153673E+01   0.511936E+02
   0.156778E+01   0.500427E+02
   0.159945E+01   0.489116E+02
   0.163176E+01   0.478000E+02
   0.166472E+01   0.467073E+02
   0.169835E+01   0.456329E+02
   0.173266E+01   0.445766E+02
   0.176766E+01   0.435378E+02
   0.180337E+01   0.425161E+02
   0.183980E+01   0.415111E+02
   0.187697E+01   0.405225E+02
   0.191489E+01   0.395500E+02
   0.195357E+01   0.385933E+02
   0.199304E+01   0.376522E+02
   0.203330E+01   0.367266E+02
   0.207437E+01   0.358162E+02
   0.211628E+01   0.349209E+02
   0.215903E+01   0.340406E+02
   0.220265E+01   0.331752E+02
   0.224714E+01   0.323245E+02
   0.229254E+01   0.314883E+02
   0.233885E+01   0.306666E+02
   0.238610E+01   0.298593E+02
   0.243430E+01   0.290661E+02
   0.248348E+01   0.282872E+02
   0.253365E+01   0.275225E+02
   0.258483E+01   0.267720E+02
   0.263705E+01   0.260356E+02
   0.269032E+01   0.253132E+02
   0.274466E+01   0.246048E+02
   0.280011E+01   0.239103E+02
   0.285668E+01   0.232296E+02
   0.291439E+01   0.225627E+02
   0.297326E+01   0.219095E+02
   0.303332E+01   0.212699E+02
   0.309460E+01   0.206438E+02
   0.315712E+01   0.200313E+02
   0.322090E+01   0.194321E+02
   0.328596E+01   0.188463E+02
   0.335234E+01   0.182738E+02
   0.342006E+01   0.177144E+02
   0.348916E+01   0.171680E+02
   0.355964E+01   0.166345E+02
   0.363155E+01   0.161137E+02
   0.370491E+01   0.156056E+02
   0.377976E+01   0.151100E+02
   0.385611E+01   0.146268E+02
   0.393401E+01   0.141559E+02
   0.401348E+01   0.136970E+02
   0.409456E+01   0.132501E+02
   0.417727E+01   0.128150E+02
   0.426166E+01   0.123915E+02
   0.434775E+01   0.119795E+02
   0.443558E+01   0.115787E+02
   0.452519E+01   0.111891E+02
   0.461660E+01   0.108103E+02
   0.470987E+01   0.104422E+02
   0.480501E+01   0.100847E+02
   0.490208E+01   0.973752E+01
   0.500111E+01   0.940046E+01
   0.510214E+01   0.907332E+01
   0.520521E+01   0.875592E+01
   0.531036E+01   0.844805E+01
   0.541763E+01   0.814950E+01
   0.552708E+01   0.786009E+01
   0.563873E+01   0.757960E+01
   0.575264E+01   0.730784E+01
   0.586885E+01   0.704461E+01
   0.598741E+01   0.678972E+01
   0.610836E+01   0.654297E+01
   0.623176E+01   0.630416E+01
   0.635765E+01   0.607311E+01
   0.648609E+01   0.584961E+01
   0.661711E+01   0.563348E+01
   0.675079E+01   0.542453E+01
   0.688716E+01   0.522256E+01
   0.702629E+01   0.502739E+01
   0.716823E+01   0.483881E+01
   0.731304E+01   0.465661E+01
   0.746077E+01   0.448060E+01
   0.761149E+01   0.431059E+01
   0.776525E+01   0.414638E+01
   0.792212E+01   0.398782E+01
   0.808217E+01   0.383470E+01
   0.824543E+01   0.368688E+01
   0.841200E+01   0.354418E+01
   0.858193E+01   0.340644E+01
   0.875530E+01   0.327355E+01
   0.893217E+01   0.314540E+01
   0.911261E+01   0.302188E+01
   0.929670E+01   0.290290E+01
   0.948451E+01   0.278834E+01
   0.967610E+01   0.267809E+01
   0.987158E+01   0.257204E+01
   0.100710E+02   0.247007E+01
   0.102744E+02   0.237206E+01
   0.104820E+02   0.227791E+01
