#          k/h    CDM            baryon         photon         nu             mass_nu        total          no_nu          total_de       Weyl           v_CDM          v_b            v_b-v_c     
   0.105231E-04   0.362474E+07   0.362474E+07   0.483257E+07   0.483256E+07   0.000000E+00   0.362474E+07   0.362474E+07   0.363448E+07  -0.599751E+00   0.360936E+07   0.360936E+07   0.827271E+01
   0.116199E-04   0.362474E+07   0.362473E+07   0.483248E+07   0.483247E+07   0.000000E+00   0.362474E+07   0.362474E+07   0.363448E+07  -0.599751E+00   0.360936E+07   0.360936E+07   0.913483E+01
   0.128309E-04   0.362473E+07   0.362473E+07   0.483237E+07   0.483235E+07   0.000000E+00   0.362473E+07   0.362473E+07   0.363447E+07  -0.599751E+00   0.360936E+07   0.360936E+07   0.100868E+02
   0.141682E-04   0.362473E+07   0.362473E+07   0.483223E+07   0.483222E+07   0.000000E+00   0.362473E+07   0.362473E+07   0.363447E+07  -0.599751E+00   0.360936E+07   0.360936E+07   0.111379E+02
   0.156449E-04   0.362473E+07   0.362473E+07   0.483207E+07   0.483205E+07   0.000000E+00   0.362473E+07   0.362473E+07   0.363447E+07  -0.599750E+00   0.360936E+07   0.360936E+07   0.122985E+02
   0.172754E-04   0.362473E+07   0.362473E+07   0.483187E+07   0.483184E+07   0.000000E+00   0.362473E+07   0.362473E+07   0.363447E+07  -0.599750E+00   0.360936E+07   0.360936E+07   0.135799E+02
   0.190759E-04   0.362473E+07   0.362473E+07   0.483162E+07   0.483159E+07   0.000000E+00   0.362473E+07   0.362473E+07   0.363447E+07  -0.599750E+00   0.360935E+07   0.360935E+07   0.149948E+02
   0.210641E-04   0.362473E+07   0.362473E+07   0.483132E+07   0.483129E+07   0.000000E+00   0.362473E+07   0.362473E+07   0.363446E+07  -0.599749E+00   0.360935E+07   0.360935E+07   0.165571E+02
   0.232595E-04   0.362472E+07   0.362472E+07   0.483096E+07   0.483091E+07   0.000000E+00   0.362472E+07   0.362472E+07   0.363446E+07  -0.599749E+00   0.360935E+07   0.360935E+07   0.182819E+02
   0.256837E-04   0.362472E+07   0.362472E+07   0.483051E+07   0.483046E+07   0.000000E+00   0.362472E+07   0.362472E+07   0.363446E+07  -0.599748E+00   0.360935E+07   0.360935E+07   0.201863E+02
   0.283605E-04   0.362472E+07   0.362472E+07   0.482997E+07   0.482990E+07   0.000000E+00   0.362472E+07   0.362472E+07   0.363445E+07  -0.599747E+00   0.360934E+07   0.360934E+07   0.222888E+02
   0.313163E-04   0.362471E+07   0.362471E+07   0.482931E+07   0.482923E+07   0.000000E+00   0.362471E+07   0.362471E+07   0.363444E+07  -0.599746E+00   0.360934E+07   0.360934E+07   0.246099E+02
   0.345802E-04   0.362470E+07   0.362470E+07   0.482850E+07   0.482841E+07   0.000000E+00   0.362470E+07   0.362470E+07   0.363444E+07  -0.599744E+00   0.360933E+07   0.360933E+07   0.271723E+02
   0.381843E-04   0.362470E+07   0.362470E+07   0.482752E+07   0.482740E+07   0.000000E+00   0.362470E+07   0.362470E+07   0.363443E+07  -0.599743E+00   0.360932E+07   0.360932E+07   0.300008E+02
   0.421640E-04   0.362469E+07   0.362469E+07   0.482632E+07   0.482618E+07   0.000000E+00   0.362469E+07   0.362469E+07   0.363442E+07  -0.599741E+00   0.360932E+07   0.360931E+07   0.331229E+02
   0.465585E-04   0.362468E+07   0.362468E+07   0.482486E+07   0.482469E+07   0.000000E+00   0.362468E+07   0.362468E+07   0.363440E+07  -0.599738E+00   0.360930E+07   0.360930E+07   0.365689E+02
   0.514110E-04   0.362466E+07   0.362466E+07   0.482308E+07   0.482287E+07   0.000000E+00   0.362466E+07   0.362466E+07   0.363438E+07  -0.599735E+00   0.360929E+07   0.360929E+07   0.403718E+02
   0.567693E-04   0.362465E+07   0.362464E+07   0.482092E+07   0.482065E+07   0.000000E+00   0.362465E+07   0.362465E+07   0.363436E+07  -0.599732E+00   0.360927E+07   0.360927E+07   0.445682E+02
   0.626859E-04   0.362463E+07   0.362462E+07   0.481827E+07   0.481795E+07   0.000000E+00   0.362463E+07   0.362463E+07   0.363434E+07  -0.599727E+00   0.360925E+07   0.360925E+07   0.491980E+02
   0.692193E-04   0.362460E+07   0.362460E+07   0.481505E+07   0.481466E+07   0.000000E+00   0.362460E+07   0.362460E+07   0.363431E+07  -0.599722E+00   0.360923E+07   0.360922E+07   0.543051E+02
   0.764336E-04   0.362457E+07   0.362457E+07   0.481113E+07   0.481065E+07   0.000000E+00   0.362457E+07   0.362457E+07   0.363427E+07  -0.599715E+00   0.360920E+07   0.360919E+07   0.599374E+02
   0.843998E-04   0.362453E+07   0.362453E+07   0.480634E+07   0.480577E+07   0.000000E+00   0.362453E+07   0.362453E+07   0.363422E+07  -0.599707E+00   0.360916E+07   0.360915E+07   0.661471E+02
   0.931962E-04   0.362449E+07   0.362448E+07   0.480052E+07   0.479982E+07   0.000000E+00   0.362449E+07   0.362449E+07   0.363416E+07  -0.599697E+00   0.360912E+07   0.360911E+07   0.729912E+02
   0.102909E-03   0.362443E+07   0.362443E+07   0.479343E+07   0.479258E+07   0.000000E+00   0.362443E+07   0.362443E+07   0.363409E+07  -0.599685E+00   0.360907E+07   0.360905E+07   0.805314E+02
   0.113635E-03   0.362437E+07   0.362436E+07   0.478479E+07   0.478376E+07   0.000000E+00   0.362437E+07   0.362437E+07   0.363401E+07  -0.599670E+00   0.360900E+07   0.360898E+07   0.888343E+02
   0.125479E-03   0.362429E+07   0.362428E+07   0.477428E+07   0.477302E+07   0.000000E+00   0.362428E+07   0.362428E+07   0.363391E+07  -0.599652E+00   0.360892E+07   0.360890E+07   0.979713E+02
   0.138556E-03   0.362419E+07   0.362418E+07   0.476150E+07   0.475997E+07   0.000000E+00   0.362419E+07   0.362419E+07   0.363378E+07  -0.599630E+00   0.360882E+07   0.360879E+07   0.108019E+03
   0.152997E-03   0.362407E+07   0.362405E+07   0.474596E+07   0.474409E+07   0.000000E+00   0.362406E+07   0.362406E+07   0.363363E+07  -0.599604E+00   0.360871E+07   0.360867E+07   0.119057E+03
   0.168943E-03   0.362392E+07   0.362390E+07   0.472707E+07   0.472480E+07   0.000000E+00   0.362392E+07   0.362392E+07   0.363344E+07  -0.599571E+00   0.360856E+07   0.360852E+07   0.131170E+03
   0.186551E-03   0.362374E+07   0.362372E+07   0.470414E+07   0.470138E+07   0.000000E+00   0.362374E+07   0.362374E+07   0.363322E+07  -0.599532E+00   0.360839E+07   0.360833E+07   0.144445E+03
   0.205994E-03   0.362352E+07   0.362350E+07   0.467631E+07   0.467298E+07   0.000000E+00   0.362352E+07   0.362352E+07   0.363294E+07  -0.599484E+00   0.360817E+07   0.360811E+07   0.158967E+03
   0.227463E-03   0.362325E+07   0.362323E+07   0.464260E+07   0.463856E+07   0.000000E+00   0.362325E+07   0.362325E+07   0.363261E+07  -0.599425E+00   0.360791E+07   0.360783E+07   0.174822E+03
   0.251170E-03   0.362293E+07   0.362290E+07   0.460180E+07   0.459691E+07   0.000000E+00   0.362293E+07   0.362293E+07   0.363220E+07  -0.599354E+00   0.360759E+07   0.360750E+07   0.192086E+03
   0.277348E-03   0.362254E+07   0.362250E+07   0.455252E+07   0.454661E+07   0.000000E+00   0.362253E+07   0.362253E+07   0.363170E+07  -0.599268E+00   0.360721E+07   0.360709E+07   0.210825E+03
   0.306255E-03   0.362206E+07   0.362201E+07   0.449310E+07   0.448598E+07   0.000000E+00   0.362205E+07   0.362205E+07   0.363110E+07  -0.599163E+00   0.360674E+07   0.360659E+07   0.231087E+03
   0.338173E-03   0.362147E+07   0.362142E+07   0.442164E+07   0.441308E+07   0.000000E+00   0.362146E+07   0.362146E+07   0.363037E+07  -0.599035E+00   0.360616E+07   0.360599E+07   0.252886E+03
   0.373419E-03   0.362076E+07   0.362069E+07   0.433596E+07   0.432570E+07   0.000000E+00   0.362075E+07   0.362075E+07   0.362948E+07  -0.598881E+00   0.360547E+07   0.360526E+07   0.276199E+03
   0.412338E-03   0.361990E+07   0.361982E+07   0.423362E+07   0.422137E+07   0.000000E+00   0.361989E+07   0.361989E+07   0.362841E+07  -0.598693E+00   0.360462E+07   0.360437E+07   0.300938E+03
   0.455314E-03   0.361886E+07   0.361875E+07   0.411195E+07   0.409739E+07   0.000000E+00   0.361884E+07   0.361884E+07   0.362712E+07  -0.598467E+00   0.360359E+07   0.360329E+07   0.326938E+03
   0.502768E-03   0.361759E+07   0.361747E+07   0.396809E+07   0.395088E+07   0.000000E+00   0.361757E+07   0.361757E+07   0.362555E+07  -0.598194E+00   0.360234E+07   0.360198E+07   0.353925E+03
   0.555168E-03   0.361605E+07   0.361591E+07   0.379918E+07   0.377899E+07   0.000000E+00   0.361603E+07   0.361603E+07   0.362367E+07  -0.597864E+00   0.360083E+07   0.360040E+07   0.381489E+03
   0.613030E-03   0.361419E+07   0.361402E+07   0.360255E+07   0.357905E+07   0.000000E+00   0.361417E+07   0.361417E+07   0.362141E+07  -0.597468E+00   0.359900E+07   0.359849E+07   0.409046E+03
   0.676922E-03   0.361195E+07   0.361174E+07   0.337604E+07   0.334897E+07   0.000000E+00   0.361192E+07   0.361192E+07   0.361870E+07  -0.596994E+00   0.359678E+07   0.359619E+07   0.435808E+03
   0.747473E-03   0.360924E+07   0.360900E+07   0.311851E+07   0.308772E+07   0.000000E+00   0.360921E+07   0.360921E+07   0.361547E+07  -0.596428E+00   0.359411E+07   0.359341E+07   0.460747E+03
   0.825378E-03   0.360599E+07   0.360571E+07   0.283043E+07   0.279592E+07   0.000000E+00   0.360595E+07   0.360595E+07   0.361163E+07  -0.595754E+00   0.359089E+07   0.359008E+07   0.482581E+03
   0.911402E-03   0.360210E+07   0.360176E+07   0.251464E+07   0.247669E+07   0.000000E+00   0.360205E+07   0.360205E+07   0.360708E+07  -0.594957E+00   0.358702E+07   0.358610E+07   0.499783E+03
   0.100639E-02   0.359744E+07   0.359705E+07   0.217720E+07   0.213640E+07   0.000000E+00   0.359738E+07   0.359738E+07   0.360174E+07  -0.594018E+00   0.358238E+07   0.358134E+07   0.510642E+03
   0.111128E-02   0.359190E+07   0.359146E+07   0.182812E+07   0.178541E+07   0.000000E+00   0.359183E+07   0.359183E+07   0.359548E+07  -0.592920E+00   0.357685E+07   0.357570E+07   0.513385E+03
   0.122710E-02   0.358533E+07   0.358483E+07   0.148164E+07   0.143833E+07   0.000000E+00   0.358525E+07   0.358525E+07   0.358821E+07  -0.591643E+00   0.357028E+07   0.356902E+07   0.506414E+03
   0.135500E-02   0.357759E+07   0.357702E+07   0.115575E+07   0.111339E+07   0.000000E+00   0.357750E+07   0.357750E+07   0.357980E+07  -0.590171E+00   0.356250E+07   0.356117E+07   0.488642E+03
   0.149622E-02   0.356851E+07   0.356788E+07   0.870272E+06   0.830379E+06   0.000000E+00   0.356841E+07   0.356841E+07   0.357013E+07  -0.588483E+00   0.355337E+07   0.355198E+07   0.459931E+03
   0.165216E-02   0.355792E+07   0.355724E+07   0.643077E+06   0.606766E+06   0.000000E+00   0.355782E+07   0.355782E+07   0.355908E+07  -0.586564E+00   0.354269E+07   0.354129E+07   0.421554E+03
   0.182435E-02   0.354566E+07   0.354491E+07   0.484745E+06   0.452259E+06   0.000000E+00   0.354554E+07   0.354554E+07   0.354650E+07  -0.584393E+00   0.353030E+07   0.352892E+07   0.376510E+03
   0.201449E-02   0.353154E+07   0.353073E+07   0.392859E+06   0.363301E+06   0.000000E+00   0.353142E+07   0.353142E+07   0.353219E+07  -0.581947E+00   0.351603E+07   0.351470E+07   0.329435E+03
   0.222445E-02   0.351539E+07   0.351451E+07   0.349084E+06   0.320673E+06   0.000000E+00   0.351526E+07   0.351526E+07   0.351594E+07  -0.579199E+00   0.349972E+07   0.349843E+07   0.285805E+03
   0.245629E-02   0.349702E+07   0.349604E+07   0.323207E+06   0.294277E+06   0.000000E+00   0.349687E+07   0.349687E+07   0.349750E+07  -0.576111E+00   0.348118E+07   0.347994E+07   0.250343E+03
   0.271230E-02   0.347622E+07   0.347511E+07   0.286426E+06   0.256873E+06   0.000000E+00   0.347605E+07   0.347605E+07   0.347660E+07  -0.572639E+00   0.346025E+07   0.345902E+07   0.224995E+03
   0.299498E-02   0.345278E+07   0.345150E+07   0.229190E+06   0.201144E+06   0.000000E+00   0.345258E+07   0.345258E+07   0.345302E+07  -0.568737E+00   0.343672E+07   0.343546E+07   0.207654E+03
   0.330713E-02   0.342645E+07   0.342497E+07   0.168821E+06   0.145096E+06   0.000000E+00   0.342622E+07   0.342622E+07   0.342654E+07  -0.564361E+00   0.341035E+07   0.340906E+07   0.193143E+03
   0.365181E-02   0.339700E+07   0.339527E+07   0.131715E+06   0.112613E+06   0.000000E+00   0.339674E+07   0.339674E+07   0.339698E+07  -0.559472E+00   0.338089E+07   0.337958E+07   0.176862E+03
   0.403241E-02   0.336418E+07   0.336216E+07   0.119698E+06   0.100025E+06   0.000000E+00   0.336386E+07   0.336386E+07   0.336409E+07  -0.554034E+00   0.334806E+07   0.334677E+07   0.158636E+03
   0.445269E-02   0.332772E+07   0.332536E+07   0.105218E+06   0.811558E+05   0.000000E+00   0.332736E+07   0.332736E+07   0.332755E+07  -0.548005E+00   0.331164E+07   0.331036E+07   0.142212E+03
   0.491676E-02   0.328738E+07   0.328461E+07   0.768958E+05   0.657596E+05   0.000000E+00   0.328695E+07   0.328695E+07   0.328710E+07  -0.541336E+00   0.327136E+07   0.327007E+07   0.129841E+03
   0.542920E-02   0.324290E+07   0.323962E+07   0.596370E+05   0.532065E+05   0.000000E+00   0.324239E+07   0.324239E+07   0.324251E+07  -0.533984E+00   0.322695E+07   0.322564E+07   0.119338E+03
   0.599505E-02   0.319401E+07   0.319013E+07   0.545788E+05   0.429808E+05   0.000000E+00   0.319341E+07   0.319341E+07   0.319351E+07  -0.525908E+00   0.317816E+07   0.317684E+07   0.108722E+03
   0.661988E-02   0.314046E+07   0.313586E+07   0.395603E+05   0.346604E+05   0.000000E+00   0.313975E+07   0.313975E+07   0.313983E+07  -0.517063E+00   0.312472E+07   0.312339E+07   0.991550E+02
   0.730983E-02   0.308200E+07   0.307652E+07   0.337109E+05   0.278972E+05   0.000000E+00   0.308115E+07   0.308115E+07   0.308121E+07  -0.507406E+00   0.306637E+07   0.306502E+07   0.910434E+02
   0.807169E-02   0.301835E+07   0.301185E+07   0.283205E+05   0.224067E+05   0.000000E+00   0.301735E+07   0.301735E+07   0.301740E+07  -0.496894E+00   0.300285E+07   0.300148E+07   0.838641E+02
   0.891295E-02   0.294927E+07   0.294156E+07   0.203007E+05   0.179555E+05   0.000000E+00   0.294808E+07   0.294808E+07   0.294812E+07  -0.485483E+00   0.293390E+07   0.293251E+07   0.774123E+02
   0.984188E-02   0.287452E+07   0.286536E+07   0.175866E+05   0.143517E+05   0.000000E+00   0.287310E+07   0.287310E+07   0.287314E+07  -0.473132E+00   0.285927E+07   0.285785E+07   0.718488E+02
   0.108676E-01   0.279383E+07   0.278300E+07   0.143556E+05   0.114390E+05   0.000000E+00   0.279216E+07   0.279216E+07   0.279219E+07  -0.459800E+00   0.277872E+07   0.277725E+07   0.668876E+02
   0.120003E-01   0.270699E+07   0.269419E+07   0.107184E+05   0.908886E+04   0.000000E+00   0.270501E+07   0.270501E+07   0.270503E+07  -0.445447E+00   0.269199E+07   0.269047E+07   0.626638E+02
   0.132510E-01   0.261377E+07   0.259871E+07   0.835715E+04   0.719631E+04   0.000000E+00   0.261145E+07   0.261145E+07   0.261146E+07  -0.430037E+00   0.259888E+07   0.259731E+07   0.589077E+02
   0.146321E-01   0.251401E+07   0.249636E+07   0.752981E+04   0.567559E+04   0.000000E+00   0.251129E+07   0.251129E+07   0.251130E+07  -0.413543E+00   0.249922E+07   0.249757E+07   0.556408E+02
   0.161571E-01   0.240760E+07   0.238704E+07   0.588787E+04   0.445667E+04   0.000000E+00   0.240443E+07   0.240443E+07   0.240444E+07  -0.395945E+00   0.239289E+07   0.239117E+07   0.527425E+02
   0.178410E-01   0.229456E+07   0.227078E+07   0.423615E+04   0.348244E+04   0.000000E+00   0.229089E+07   0.229089E+07   0.229090E+07  -0.377247E+00   0.227991E+07   0.227811E+07   0.501130E+02
   0.197005E-01   0.217507E+07   0.214781E+07   0.340667E+04   0.270639E+04   0.000000E+00   0.217086E+07   0.217086E+07   0.217087E+07  -0.357481E+00   0.216048E+07   0.215859E+07   0.476403E+02
   0.217538E-01   0.204958E+07   0.201868E+07   0.230524E+04   0.209068E+04   0.000000E+00   0.204481E+07   0.204481E+07   0.204481E+07  -0.336723E+00   0.203506E+07   0.203308E+07   0.452129E+02
   0.240210E-01   0.191891E+07   0.188436E+07   0.172440E+04   0.160455E+04   0.000000E+00   0.191358E+07   0.191358E+07   0.191358E+07  -0.315112E+00   0.190449E+07   0.190242E+07   0.426961E+02
   0.265246E-01   0.178437E+07   0.174639E+07   0.136343E+04   0.122302E+04   0.000000E+00   0.177851E+07   0.177851E+07   0.177851E+07  -0.292870E+00   0.177009E+07   0.176795E+07   0.399517E+02
   0.292891E-01   0.164785E+07   0.160697E+07   0.112854E+04   0.925769E+03   0.000000E+00   0.164154E+07   0.164154E+07   0.164154E+07  -0.270315E+00   0.163380E+07   0.163162E+07   0.368791E+02
   0.323417E-01   0.151192E+07   0.146903E+07   0.759503E+03   0.696219E+03   0.000000E+00   0.150530E+07   0.150530E+07   0.150530E+07  -0.247880E+00   0.149823E+07   0.149605E+07   0.333807E+02
   0.357124E-01   0.137975E+07   0.133618E+07   0.651177E+03   0.520803E+03   0.000000E+00   0.137302E+07   0.137302E+07   0.137302E+07  -0.226097E+00   0.136659E+07   0.136447E+07   0.294112E+02
   0.394345E-01   0.125486E+07   0.121233E+07   0.456077E+03   0.388325E+03   0.000000E+00   0.124830E+07   0.124830E+07   0.124830E+07  -0.205559E+00   0.124246E+07   0.124047E+07   0.250072E+02
   0.435445E-01   0.114069E+07   0.110116E+07   0.312832E+03   0.289470E+03   0.000000E+00   0.113459E+07   0.113459E+07   0.113459E+07  -0.186834E+00   0.112928E+07   0.112749E+07   0.203078E+02
   0.478990E-01   0.104304E+07   0.100822E+07   0.244985E+03   0.218803E+03   0.000000E+00   0.103767E+07   0.103767E+07   0.103767E+07  -0.170874E+00   0.103279E+07   0.103127E+07   0.157535E+02
   0.522534E-01   0.965721E+06   0.936387E+06   0.190696E+03   0.170315E+03   0.000000E+00   0.961194E+06   0.961194E+06   0.961194E+06  -0.158281E+00   0.956654E+06   0.955405E+06   0.118466E+02
   0.566079E-01   0.902534E+06   0.878667E+06   0.151959E+03   0.135716E+03   0.000000E+00   0.898850E+06   0.898850E+06   0.898850E+06  -0.148015E+00   0.894578E+06   0.893583E+06   0.871811E+01
   0.609623E-01   0.849133E+06   0.830043E+06   0.123357E+03   0.110170E+03   0.000000E+00   0.846187E+06   0.846187E+06   0.846187E+06  -0.139343E+00   0.842142E+06   0.841354E+06   0.640880E+01
   0.653168E-01   0.801378E+06   0.785916E+06   0.101469E+03   0.906217E+02   0.000000E+00   0.798992E+06   0.798992E+06   0.798992E+06  -0.131571E+00   0.795156E+06   0.794515E+06   0.486909E+01
   0.696712E-01   0.756297E+06   0.743105E+06   0.841910E+02   0.751905E+02   0.000000E+00   0.754261E+06   0.754261E+06   0.754261E+06  -0.124205E+00   0.750633E+06   0.750074E+06   0.398307E+01
   0.740257E-01   0.712117E+06   0.699879E+06   0.702235E+02   0.627162E+02   0.000000E+00   0.710228E+06   0.710228E+06   0.710229E+06  -0.116954E+00   0.706814E+06   0.706277E+06   0.359322E+01
   0.783801E-01   0.668328E+06   0.655967E+06   0.587723E+02   0.524894E+02   0.000000E+00   0.666420E+06   0.666420E+06   0.666420E+06  -0.109740E+00   0.663224E+06   0.662667E+06   0.352687E+01
   0.827346E-01   0.625370E+06   0.612187E+06   0.493359E+02   0.440621E+02   0.000000E+00   0.623335E+06   0.623335E+06   0.623335E+06  -0.102645E+00   0.620359E+06   0.619755E+06   0.362035E+01
   0.870890E-01   0.584180E+06   0.569899E+06   0.415688E+02   0.371257E+02   0.000000E+00   0.581976E+06   0.581976E+06   0.581976E+06  -0.958346E-01   0.579211E+06   0.578554E+06   0.373801E+01
   0.914435E-01   0.545761E+06   0.530501E+06   0.352033E+02   0.314408E+02   0.000000E+00   0.543406E+06   0.543406E+06   0.543406E+06  -0.894832E-01   0.540837E+06   0.540139E+06   0.378395E+01
   0.968429E-01   0.503336E+06   0.487464E+06   0.289298E+02   0.258380E+02   0.000000E+00   0.500887E+06   0.500887E+06   0.500887E+06  -0.824815E-01   0.498530E+06   0.497814E+06   0.366674E+01
   0.102242E+00   0.467856E+06   0.452298E+06   0.241185E+02   0.215410E+02   0.000000E+00   0.465455E+06   0.465455E+06   0.465455E+06  -0.766470E-01   0.463269E+06   0.462579E+06   0.334641E+01
   0.107642E+00   0.439520E+06   0.425175E+06   0.204440E+02   0.182591E+02   0.000000E+00   0.437306E+06   0.437306E+06   0.437306E+06  -0.720116E-01   0.435248E+06   0.434624E+06   0.287643E+01
   0.113041E+00   0.417161E+06   0.404649E+06   0.176027E+02   0.157214E+02   0.000000E+00   0.415230E+06   0.415230E+06   0.415230E+06  -0.683764E-01   0.413268E+06   0.412733E+06   0.234551E+01
   0.118441E+00   0.398797E+06   0.388320E+06   0.153384E+02   0.136989E+02   0.000000E+00   0.397180E+06   0.397180E+06   0.397180E+06  -0.654040E-01   0.395292E+06   0.394851E+06   0.184525E+01
   0.123840E+00   0.382435E+06   0.373782E+06   0.134628E+02   0.120237E+02   0.000000E+00   0.381100E+06   0.381100E+06   0.381100E+06  -0.627561E-01   0.379278E+06   0.378917E+06   0.144541E+01
   0.129239E+00   0.366505E+06   0.359160E+06   0.118517E+02   0.105847E+02   0.000000E+00   0.365371E+06   0.365371E+06   0.365371E+06  -0.601661E-01   0.363619E+06   0.363312E+06   0.118061E+01
   0.134639E+00   0.350017E+06   0.343336E+06   0.104306E+02   0.931551E+01   0.000000E+00   0.348986E+06   0.348986E+06   0.348986E+06  -0.574679E-01   0.347312E+06   0.347027E+06   0.104895E+01
   0.140038E+00   0.332694E+06   0.326079E+06   0.916323E+01   0.818368E+01   0.000000E+00   0.331673E+06   0.331673E+06   0.331673E+06  -0.546170E-01   0.330084E+06   0.329796E+06   0.102033E+01
   0.145438E+00   0.314911E+06   0.307954E+06   0.803829E+01   0.717905E+01   0.000000E+00   0.313837E+06   0.313837E+06   0.313837E+06  -0.516798E-01   0.312339E+06   0.312031E+06   0.104973E+01
   0.150837E+00   0.297410E+06   0.289956E+06   0.705419E+01   0.630019E+01   0.000000E+00   0.296259E+06   0.296259E+06   0.296259E+06  -0.487853E-01   0.294852E+06   0.294520E+06   0.109121E+01
   0.156237E+00   0.281019E+06   0.273159E+06   0.620959E+01   0.554591E+01   0.000000E+00   0.279806E+06   0.279806E+06   0.279806E+06  -0.460760E-01   0.278482E+06   0.278133E+06   0.110888E+01
   0.161636E+00   0.266462E+06   0.258463E+06   0.549920E+01   0.491147E+01   0.000000E+00   0.265227E+06   0.265227E+06   0.265227E+06  -0.436752E-01   0.263975E+06   0.263622E+06   0.108316E+01
   0.167035E+00   0.254145E+06   0.246347E+06   0.491087E+01   0.438602E+01   0.000000E+00   0.252942E+06   0.252942E+06   0.252942E+06  -0.416522E-01   0.251748E+06   0.251408E+06   0.101171E+01
   0.172435E+00   0.244003E+06   0.236714E+06   0.442488E+01   0.395196E+01   0.000000E+00   0.242878E+06   0.242878E+06   0.242878E+06  -0.399950E-01   0.241730E+06   0.241415E+06   0.905939E+00
   0.177834E+00   0.235567E+06   0.228986E+06   0.401778E+01   0.358835E+01   0.000000E+00   0.234552E+06   0.234552E+06   0.234552E+06  -0.386239E-01   0.233440E+06   0.233158E+06   0.784946E+00
   0.183234E+00   0.228210E+06   0.222386E+06   0.366781E+01   0.327577E+01   0.000000E+00   0.227311E+06   0.227311E+06   0.227311E+06  -0.374316E-01   0.226230E+06   0.225983E+06   0.668918E+00
   0.188633E+00   0.221319E+06   0.216163E+06   0.335762E+01   0.299871E+01   0.000000E+00   0.220523E+06   0.220523E+06   0.220523E+06  -0.363138E-01   0.219471E+06   0.219253E+06   0.573783E+00
   0.194033E+00   0.214385E+06   0.209707E+06   0.307470E+01   0.274603E+01   0.000000E+00   0.213663E+06   0.213663E+06   0.213663E+06  -0.351842E-01   0.212642E+06   0.212443E+06   0.508051E+00
   0.199432E+00   0.207098E+06   0.202671E+06   0.281174E+01   0.251117E+01   0.000000E+00   0.206415E+06   0.206415E+06   0.206415E+06  -0.339905E-01   0.205428E+06   0.205238E+06   0.472156E+00
   0.204831E+00   0.199422E+06   0.195040E+06   0.256640E+01   0.229206E+01   0.000000E+00   0.198746E+06   0.198746E+06   0.198746E+06  -0.327277E-01   0.197797E+06   0.197607E+06   0.459919E+00
   0.210231E+00   0.191556E+06   0.187081E+06   0.233960E+01   0.208952E+01   0.000000E+00   0.190866E+06   0.190866E+06   0.190866E+06  -0.314300E-01   0.189956E+06   0.189760E+06   0.461357E+00
   0.215630E+00   0.183805E+06   0.179187E+06   0.213326E+01   0.190525E+01   0.000000E+00   0.183092E+06   0.183092E+06   0.183092E+06  -0.301500E-01   0.182222E+06   0.182019E+06   0.465851E+00
   0.221030E+00   0.176479E+06   0.171753E+06   0.194884E+01   0.174054E+01   0.000000E+00   0.175750E+06   0.175750E+06   0.175750E+06  -0.289409E-01   0.174916E+06   0.174709E+06   0.464818E+00
   0.226429E+00   0.169826E+06   0.165087E+06   0.178665E+01   0.159569E+01   0.000000E+00   0.169094E+06   0.169094E+06   0.169094E+06  -0.278450E-01   0.168294E+06   0.168087E+06   0.453317E+00
   0.231829E+00   0.163970E+06   0.159336E+06   0.164553E+01   0.146965E+01   0.000000E+00   0.163255E+06   0.163255E+06   0.163255E+06  -0.268833E-01   0.162482E+06   0.162280E+06   0.430455E+00
   0.237228E+00   0.158887E+06   0.154467E+06   0.152288E+01   0.136011E+01   0.000000E+00   0.158205E+06   0.158205E+06   0.158205E+06  -0.260518E-01   0.157455E+06   0.157264E+06   0.398743E+00
   0.242627E+00   0.154437E+06   0.150302E+06   0.141534E+01   0.126406E+01   0.000000E+00   0.153799E+06   0.153799E+06   0.153799E+06  -0.253263E-01   0.153069E+06   0.152891E+06   0.362759E+00
   0.248027E+00   0.150417E+06   0.146586E+06   0.131943E+01   0.117840E+01   0.000000E+00   0.149826E+06   0.149826E+06   0.149826E+06  -0.246720E-01   0.149113E+06   0.148950E+06   0.327573E+00
   0.253426E+00   0.146601E+06   0.143044E+06   0.123200E+01   0.110031E+01   0.000000E+00   0.146052E+06   0.146052E+06   0.146052E+06  -0.240505E-01   0.145356E+06   0.145204E+06   0.297368E+00
   0.258826E+00   0.142789E+06   0.139441E+06   0.115058E+01   0.102759E+01   0.000000E+00   0.142272E+06   0.142272E+06   0.142272E+06  -0.234281E-01   0.141594E+06   0.141450E+06   0.274576E+00
   0.264225E+00   0.138869E+06   0.135651E+06   0.107377E+01   0.958995E+00   0.000000E+00   0.138372E+06   0.138372E+06   0.138372E+06  -0.227859E-01   0.137712E+06   0.137574E+06   0.259620E+00
   0.269625E+00   0.134840E+06   0.131679E+06   0.100123E+01   0.894204E+00   0.000000E+00   0.134352E+06   0.134352E+06   0.134352E+06  -0.221238E-01   0.133711E+06   0.133574E+06   0.251185E+00
   0.275024E+00   0.130772E+06   0.127616E+06   0.933161E+00   0.833415E+00   0.000000E+00   0.130285E+06   0.130285E+06   0.130285E+06  -0.214542E-01   0.129665E+06   0.129528E+06   0.246854E+00
   0.280423E+00   0.126763E+06   0.123591E+06   0.869921E+00   0.776936E+00   0.000000E+00   0.126273E+06   0.126273E+06   0.126273E+06  -0.207936E-01   0.125673E+06   0.125535E+06   0.243892E+00
   0.285823E+00   0.122912E+06   0.119732E+06   0.811809E+00   0.725038E+00   0.000000E+00   0.122421E+06   0.122421E+06   0.122421E+06  -0.201593E-01   0.121840E+06   0.121701E+06   0.239956E+00
   0.291222E+00   0.119314E+06   0.116154E+06   0.759015E+00   0.677887E+00   0.000000E+00   0.118826E+06   0.118826E+06   0.118826E+06  -0.195673E-01   0.118262E+06   0.118125E+06   0.233577E+00
   0.296622E+00   0.116028E+06   0.112928E+06   0.711456E+00   0.635412E+00   0.000000E+00   0.115550E+06   0.115550E+06   0.115550E+06  -0.190277E-01   0.115001E+06   0.114867E+06   0.224324E+00
   0.302021E+00   0.113053E+06   0.110052E+06   0.668672E+00   0.597201E+00   0.000000E+00   0.112590E+06   0.112590E+06   0.112590E+06  -0.185403E-01   0.112056E+06   0.111926E+06   0.212687E+00
   0.307421E+00   0.110338E+06   0.107460E+06   0.629938E+00   0.562606E+00   0.000000E+00   0.109894E+06   0.109894E+06   0.109894E+06  -0.180963E-01   0.109372E+06   0.109248E+06   0.199773E+00
   0.312820E+00   0.107807E+06   0.105062E+06   0.594490E+00   0.530946E+00   0.000000E+00   0.107384E+06   0.107384E+06   0.107384E+06  -0.176830E-01   0.106873E+06   0.106755E+06   0.186909E+00
   0.318219E+00   0.105389E+06   0.102769E+06   0.561659E+00   0.501624E+00   0.000000E+00   0.104985E+06   0.104985E+06   0.104985E+06  -0.172879E-01   0.104485E+06   0.104373E+06   0.175277E+00
   0.323619E+00   0.103019E+06   0.100503E+06   0.530898E+00   0.474151E+00   0.000000E+00   0.102630E+06   0.102630E+06   0.102630E+06  -0.169003E-01   0.102142E+06   0.102034E+06   0.165637E+00
   0.329018E+00   0.100649E+06   0.982098E+05   0.501818E+00   0.448178E+00   0.000000E+00   0.100273E+06   0.100273E+06   0.100273E+06  -0.165120E-01   0.997950E+05   0.996900E+05   0.158225E+00
   0.334418E+00   0.982639E+05   0.958749E+05   0.474226E+00   0.423536E+00   0.000000E+00   0.978952E+05   0.978952E+05   0.978952E+05  -0.161205E-01   0.974289E+05   0.973259E+05   0.152790E+00
   0.339817E+00   0.958807E+05   0.935221E+05   0.448115E+00   0.400216E+00   0.000000E+00   0.955167E+05   0.955167E+05   0.955167E+05  -0.157288E-01   0.950620E+05   0.949601E+05   0.148746E+00
   0.345217E+00   0.935363E+05   0.911975E+05   0.423560E+00   0.378287E+00   0.000000E+00   0.931754E+05   0.931754E+05   0.931754E+05  -0.153433E-01   0.927321E+05   0.926308E+05   0.145366E+00
   0.350616E+00   0.912678E+05   0.889485E+05   0.400629E+00   0.357807E+00   0.000000E+00   0.909099E+05   0.909099E+05   0.909099E+05  -0.149702E-01   0.904776E+05   0.903772E+05   0.141974E+00
   0.356015E+00   0.891045E+05   0.868124E+05   0.379338E+00   0.338792E+00   0.000000E+00   0.887507E+05   0.887507E+05   0.887507E+05  -0.146147E-01   0.883289E+05   0.882297E+05   0.138100E+00
   0.361415E+00   0.870652E+05   0.848124E+05   0.359655E+00   0.321213E+00   0.000000E+00   0.867175E+05   0.867175E+05   0.867175E+05  -0.142799E-01   0.863054E+05   0.862081E+05   0.133542E+00
   0.366814E+00   0.851552E+05   0.829542E+05   0.341488E+00   0.304987E+00   0.000000E+00   0.848155E+05   0.848155E+05   0.848155E+05  -0.139667E-01   0.844124E+05   0.843175E+05   0.128363E+00
   0.372214E+00   0.833630E+05   0.812232E+05   0.324682E+00   0.289978E+00   0.000000E+00   0.830328E+05   0.830328E+05   0.830328E+05  -0.136731E-01   0.826380E+05   0.825458E+05   0.122819E+00
   0.377613E+00   0.816643E+05   0.795898E+05   0.309049E+00   0.276016E+00   0.000000E+00   0.813441E+05   0.813441E+05   0.813441E+05  -0.133950E-01   0.809572E+05   0.808680E+05   0.117255E+00
   0.383013E+00   0.800318E+05   0.780209E+05   0.294406E+00   0.262937E+00   0.000000E+00   0.797215E+05   0.797215E+05   0.797215E+05  -0.131278E-01   0.793421E+05   0.792556E+05   0.112006E+00
   0.388412E+00   0.784426E+05   0.764891E+05   0.280604E+00   0.250610E+00   0.000000E+00   0.781411E+05   0.781411E+05   0.781411E+05  -0.128676E-01   0.777692E+05   0.776851E+05   0.107320E+00
   0.393811E+00   0.768796E+05   0.749743E+05   0.267529E+00   0.238933E+00   0.000000E+00   0.765856E+05   0.765856E+05   0.765856E+05  -0.126114E-01   0.762210E+05   0.761390E+05   0.103306E+00
   0.399211E+00   0.753330E+05   0.734663E+05   0.255103E+00   0.227836E+00   0.000000E+00   0.750449E+05   0.750449E+05   0.750449E+05  -0.123577E-01   0.746877E+05   0.746072E+05   0.999331E-01
   0.404610E+00   0.738031E+05   0.719670E+05   0.243293E+00   0.217287E+00   0.000000E+00   0.735197E+05   0.735197E+05   0.735197E+05  -0.121066E-01   0.731698E+05   0.730906E+05   0.970657E-01
   0.410010E+00   0.723001E+05   0.704897E+05   0.232096E+00   0.207287E+00   0.000000E+00   0.720207E+05   0.720207E+05   0.720207E+05  -0.118597E-01   0.716781E+05   0.715999E+05   0.945114E-01
   0.415409E+00   0.708376E+05   0.690510E+05   0.221521E+00   0.197843E+00   0.000000E+00   0.705619E+05   0.705619E+05   0.705619E+05  -0.116195E-01   0.702263E+05   0.701491E+05   0.920753E-01
   0.420809E+00   0.694250E+05   0.676636E+05   0.211562E+00   0.188949E+00   0.000000E+00   0.691532E+05   0.691532E+05   0.691532E+05  -0.113875E-01   0.688243E+05   0.687483E+05   0.896029E-01
   0.426208E+00   0.680676E+05   0.663344E+05   0.202200E+00   0.180588E+00   0.000000E+00   0.678001E+05   0.678001E+05   0.678001E+05  -0.111647E-01   0.674777E+05   0.674029E+05   0.870082E-01
   0.431607E+00   0.667685E+05   0.650673E+05   0.193409E+00   0.172736E+00   0.000000E+00   0.665060E+05   0.665060E+05   0.665060E+05  -0.109516E-01   0.661897E+05   0.661164E+05   0.842799E-01
   0.437007E+00   0.655274E+05   0.638613E+05   0.185154E+00   0.165364E+00   0.000000E+00   0.652702E+05   0.652702E+05   0.652702E+05  -0.107481E-01   0.649598E+05   0.648880E+05   0.814684E-01
   0.442406E+00   0.643372E+05   0.627079E+05   0.177384E+00   0.158424E+00   0.000000E+00   0.640858E+05   0.640858E+05   0.640858E+05  -0.105531E-01   0.637810E+05   0.637108E+05   0.786594E-01
   0.447806E+00   0.631871E+05   0.615944E+05   0.170041E+00   0.151866E+00   0.000000E+00   0.629413E+05   0.629413E+05   0.629413E+05  -0.103646E-01   0.626419E+05   0.625733E+05   0.759459E-01
   0.453205E+00   0.620679E+05   0.605099E+05   0.163076E+00   0.145645E+00   0.000000E+00   0.618275E+05   0.618275E+05   0.618275E+05  -0.101812E-01   0.615333E+05   0.614662E+05   0.734046E-01
   0.458605E+00   0.609743E+05   0.594479E+05   0.156454E+00   0.139731E+00   0.000000E+00   0.607387E+05   0.607387E+05   0.607387E+05  -0.100019E-01   0.604497E+05   0.603840E+05   0.710801E-01
   0.464004E+00   0.599026E+05   0.584044E+05   0.150148E+00   0.134099E+00   0.000000E+00   0.596714E+05   0.596714E+05   0.596714E+05  -0.982615E-02   0.593874E+05   0.593229E+05   0.689786E-01
   0.469403E+00   0.588499E+05   0.573767E+05   0.144135E+00   0.128729E+00   0.000000E+00   0.586226E+05   0.586226E+05   0.586226E+05  -0.965344E-02   0.583436E+05   0.582801E+05   0.670724E-01
   0.474803E+00   0.578166E+05   0.563659E+05   0.138401E+00   0.123607E+00   0.000000E+00   0.575927E+05   0.575927E+05   0.575927E+05  -0.948385E-02   0.573187E+05   0.572561E+05   0.653119E-01
   0.480202E+00   0.568066E+05   0.553772E+05   0.132940E+00   0.118731E+00   0.000000E+00   0.565860E+05   0.565860E+05   0.565860E+05  -0.931807E-02   0.563168E+05   0.562551E+05   0.636415E-01
   0.485602E+00   0.558246E+05   0.544162E+05   0.127752E+00   0.114097E+00   0.000000E+00   0.556073E+05   0.556073E+05   0.556073E+05  -0.915690E-02   0.553428E+05   0.552820E+05   0.620122E-01
   0.491001E+00   0.548728E+05   0.534858E+05   0.122826E+00   0.109698E+00   0.000000E+00   0.546588E+05   0.546588E+05   0.546588E+05  -0.900072E-02   0.543988E+05   0.543390E+05   0.603904E-01
   0.496401E+00   0.539509E+05   0.525861E+05   0.118149E+00   0.105521E+00   0.000000E+00   0.537403E+05   0.537403E+05   0.537403E+05  -0.884947E-02   0.534847E+05   0.534258E+05   0.587619E-01
   0.501800E+00   0.530583E+05   0.517165E+05   0.113708E+00   0.101554E+00   0.000000E+00   0.528512E+05   0.528512E+05   0.528512E+05  -0.870306E-02   0.525998E+05   0.525420E+05   0.571316E-01
   0.507199E+00   0.521942E+05   0.508759E+05   0.109488E+00   0.977848E-01   0.000000E+00   0.519908E+05   0.519908E+05   0.519908E+05  -0.856137E-02   0.517435E+05   0.516867E+05   0.555184E-01
   0.512599E+00   0.513563E+05   0.500615E+05   0.105473E+00   0.941994E-01   0.000000E+00   0.511565E+05   0.511565E+05   0.511565E+05  -0.842399E-02   0.509131E+05   0.508573E+05   0.539464E-01
   0.517998E+00   0.505404E+05   0.492685E+05   0.101646E+00   0.907811E-01   0.000000E+00   0.503441E+05   0.503441E+05   0.503441E+05  -0.829022E-02   0.501046E+05   0.500499E+05   0.524380E-01
   0.523398E+00   0.497431E+05   0.484930E+05   0.979894E-01   0.875155E-01   0.000000E+00   0.495502E+05   0.495502E+05   0.495502E+05  -0.815948E-02   0.493144E+05   0.492606E+05   0.510084E-01
   0.528797E+00   0.489628E+05   0.477331E+05   0.944928E-01   0.843926E-01   0.000000E+00   0.487730E+05   0.487730E+05   0.487730E+05  -0.803149E-02   0.485409E+05   0.484880E+05   0.496638E-01
   0.534197E+00   0.481989E+05   0.469885E+05   0.911478E-01   0.814052E-01   0.000000E+00   0.480121E+05   0.480121E+05   0.480121E+05  -0.790620E-02   0.477837E+05   0.477315E+05   0.484005E-01
   0.539596E+00   0.474511E+05   0.462587E+05   0.879465E-01   0.785461E-01   0.000000E+00   0.472671E+05   0.472671E+05   0.472671E+05  -0.778352E-02   0.470422E+05   0.469908E+05   0.472067E-01
   0.544995E+00   0.467189E+05   0.455438E+05   0.848819E-01   0.758090E-01   0.000000E+00   0.465375E+05   0.465375E+05   0.465375E+05  -0.766338E-02   0.463161E+05   0.462655E+05   0.460668E-01
   0.550395E+00   0.460031E+05   0.448447E+05   0.819492E-01   0.731898E-01   0.000000E+00   0.458244E+05   0.458244E+05   0.458244E+05  -0.754594E-02   0.456064E+05   0.455565E+05   0.449654E-01
   0.555794E+00   0.453053E+05   0.441634E+05   0.791453E-01   0.706856E-01   0.000000E+00   0.451291E+05   0.451291E+05   0.451291E+05  -0.743145E-02   0.449144E+05   0.448652E+05   0.438905E-01
   0.561194E+00   0.446258E+05   0.435005E+05   0.764652E-01   0.682920E-01   0.000000E+00   0.444522E+05   0.444522E+05   0.444522E+05  -0.731998E-02   0.442407E+05   0.441922E+05   0.428348E-01
   0.566593E+00   0.439639E+05   0.428552E+05   0.739022E-01   0.660029E-01   0.000000E+00   0.437928E+05   0.437928E+05   0.437928E+05  -0.721141E-02   0.435845E+05   0.435367E+05   0.417959E-01
   0.571993E+00   0.433186E+05   0.422265E+05   0.714492E-01   0.638121E-01   0.000000E+00   0.431501E+05   0.431501E+05   0.431501E+05  -0.710556E-02   0.429448E+05   0.428978E+05   0.407762E-01
   0.577392E+00   0.426894E+05   0.416138E+05   0.691009E-01   0.617148E-01   0.000000E+00   0.425234E+05   0.425234E+05   0.425234E+05  -0.700238E-02   0.423211E+05   0.422748E+05   0.397811E-01
   0.582791E+00   0.420758E+05   0.410163E+05   0.668516E-01   0.597060E-01   0.000000E+00   0.419123E+05   0.419123E+05   0.419123E+05  -0.690173E-02   0.417129E+05   0.416672E+05   0.388165E-01
   0.588191E+00   0.414760E+05   0.404324E+05   0.646946E-01   0.577795E-01   0.000000E+00   0.413150E+05   0.413150E+05   0.413150E+05  -0.680338E-02   0.411184E+05   0.410735E+05   0.378871E-01
   0.593590E+00   0.408887E+05   0.398603E+05   0.626236E-01   0.559299E-01   0.000000E+00   0.407300E+05   0.407300E+05   0.407300E+05  -0.670705E-02   0.405362E+05   0.404919E+05   0.369952E-01
   0.598990E+00   0.403133E+05   0.392995E+05   0.606343E-01   0.541532E-01   0.000000E+00   0.401569E+05   0.401569E+05   0.401569E+05  -0.661267E-02   0.399658E+05   0.399222E+05   0.361407E-01
   0.604389E+00   0.397500E+05   0.387503E+05   0.587235E-01   0.524467E-01   0.000000E+00   0.395957E+05   0.395957E+05   0.395957E+05  -0.652026E-02   0.394073E+05   0.393643E+05   0.353214E-01
   0.609789E+00   0.391985E+05   0.382124E+05   0.568877E-01   0.508071E-01   0.000000E+00   0.390463E+05   0.390463E+05   0.390463E+05  -0.642979E-02   0.388605E+05   0.388180E+05   0.345330E-01
   0.615188E+00   0.386582E+05   0.376853E+05   0.551230E-01   0.492310E-01   0.000000E+00   0.385081E+05   0.385081E+05   0.385081E+05  -0.634116E-02   0.383249E+05   0.382830E+05   0.337708E-01
   0.620587E+00   0.381292E+05   0.371693E+05   0.534267E-01   0.477160E-01   0.000000E+00   0.379810E+05   0.379810E+05   0.379810E+05  -0.625438E-02   0.378004E+05   0.377590E+05   0.330303E-01
   0.625987E+00   0.376119E+05   0.366647E+05   0.517965E-01   0.462601E-01   0.000000E+00   0.374657E+05   0.374657E+05   0.374657E+05  -0.616952E-02   0.372875E+05   0.372467E+05   0.323085E-01
   0.631386E+00   0.371064E+05   0.361719E+05   0.502302E-01   0.448611E-01   0.000000E+00   0.369622E+05   0.369622E+05   0.369622E+05  -0.608660E-02   0.367864E+05   0.367461E+05   0.316038E-01
   0.680140E+00   0.329954E+05   0.321652E+05   0.384914E-01   0.343772E-01   0.000000E+00   0.328673E+05   0.328673E+05   0.328673E+05  -0.541229E-02   0.327109E+05   0.326752E+05   0.260577E-01
   0.732659E+00   0.293164E+05   0.285788E+05   0.294723E-01   0.263221E-01   0.000000E+00   0.292025E+05   0.292025E+05   0.292025E+05  -0.480881E-02   0.290636E+05   0.290319E+05   0.214851E-01
   0.789233E+00   0.260292E+05   0.253743E+05   0.225506E-01   0.201402E-01   0.000000E+00   0.259281E+05   0.259281E+05   0.259281E+05  -0.426961E-02   0.258048E+05   0.257766E+05   0.177041E-01
   0.811282E+00   0.249035E+05   0.242770E+05   0.204185E-01   0.182360E-01   0.000000E+00   0.248068E+05   0.248068E+05   0.248068E+05  -0.408496E-02   0.246887E+05   0.246618E+05   0.164746E-01
   0.100425E+01   0.176285E+05   0.171852E+05   0.943288E-02   0.842461E-02   0.000000E+00   0.175601E+05   0.175601E+05   0.175601E+05  -0.289164E-02   0.174765E+05   0.174575E+05   0.941052E-02
   0.124311E+01   0.124169E+05   0.121047E+05   0.433618E-02   0.387269E-02   0.000000E+00   0.123687E+05   0.123687E+05   0.123687E+05  -0.203677E-02   0.123099E+05   0.122965E+05   0.534751E-02
   0.153878E+01   0.870688E+04   0.848801E+04   0.198436E-02   0.177225E-02   0.000000E+00   0.867310E+04   0.867310E+04   0.867310E+04  -0.142821E-02   0.863184E+04   0.862246E+04   0.302381E-02
   0.190478E+01   0.608048E+04   0.592765E+04   0.904398E-03   0.807728E-03   0.000000E+00   0.605689E+04   0.605689E+04   0.605689E+04  -0.997395E-03   0.602807E+04   0.602154E+04   0.170169E-02
   0.235783E+01   0.423062E+04   0.412430E+04   0.410667E-03   0.366771E-03   0.000000E+00   0.421421E+04   0.421421E+04   0.421421E+04  -0.693959E-03   0.419416E+04   0.418963E+04   0.953026E-03
   0.291864E+01   0.293362E+04   0.285990E+04   0.185846E-03   0.165981E-03   0.000000E+00   0.292224E+04   0.292224E+04   0.292224E+04  -0.481208E-03   0.290834E+04   0.290521E+04   0.530996E-03
   0.361284E+01   0.202798E+04   0.197702E+04   0.838451E-04   0.748828E-04   0.000000E+00   0.202011E+04   0.202011E+04   0.202011E+04  -0.332654E-03   0.201050E+04   0.200836E+04   0.294125E-03
   0.447215E+01   0.139797E+04   0.136283E+04   0.377204E-04   0.336884E-04   0.000000E+00   0.139255E+04   0.139255E+04   0.139255E+04  -0.229312E-03   0.138592E+04   0.138446E+04   0.161754E-03
   0.553586E+01   0.961182E+03   0.937022E+03   0.169258E-04   0.151165E-04   0.000000E+00   0.957454E+03   0.957454E+03   0.957454E+03  -0.157665E-03   0.952897E+03   0.951914E+03   0.881204E-04
   0.685256E+01   0.659294E+03   0.642717E+03   0.757683E-05   0.676689E-05   0.000000E+00   0.656736E+03   0.656736E+03   0.656736E+03  -0.108145E-03   0.653610E+03   0.652956E+03   0.473697E-04
   0.848245E+01   0.451231E+03   0.439879E+03   0.338433E-05   0.302254E-05   0.000000E+00   0.449479E+03   0.449479E+03   0.449479E+03  -0.740161E-04   0.447339E+03   0.446912E+03   0.249569E-04
   0.105000E+02   0.308202E+03   0.300442E+03   0.150861E-05   0.134732E-05   0.000000E+00   0.307005E+03   0.307005E+03   0.307005E+03  -0.505548E-04   0.305543E+03   0.305273E+03   0.127287E-04
