#          k/h    CDM            baryon         photon         nu             mass_nu        total          no_nu          total_de       Weyl           v_CDM          v_b            v_b-v_c     
   0.105231E-04   0.120091E+08   0.120091E+08   0.160075E+08   0.160073E+08   0.000000E+00   0.120091E+08   0.120091E+08   0.120185E+08  -0.574062E+00   0.105418E+08   0.105418E+08   0.886907E+01
   0.116199E-04   0.120091E+08   0.120091E+08   0.160065E+08   0.160063E+08   0.000000E+00   0.120091E+08   0.120091E+08   0.120184E+08  -0.574062E+00   0.105418E+08   0.105418E+08   0.979322E+01
   0.128309E-04   0.120091E+08   0.120091E+08   0.160052E+08   0.160050E+08   0.000000E+00   0.120091E+08   0.120091E+08   0.120184E+08  -0.574061E+00   0.105418E+08   0.105418E+08   0.108136E+02
   0.141682E-04   0.120091E+08   0.120091E+08   0.160037E+08   0.160034E+08   0.000000E+00   0.120091E+08   0.120091E+08   0.120184E+08  -0.574061E+00   0.105418E+08   0.105418E+08   0.119402E+02
   0.156449E-04   0.120091E+08   0.120091E+08   0.160018E+08   0.160015E+08   0.000000E+00   0.120091E+08   0.120091E+08   0.120184E+08  -0.574061E+00   0.105418E+08   0.105418E+08   0.131842E+02
   0.172754E-04   0.120091E+08   0.120091E+08   0.159996E+08   0.159992E+08   0.000000E+00   0.120091E+08   0.120091E+08   0.120184E+08  -0.574060E+00   0.105417E+08   0.105417E+08   0.145575E+02
   0.190759E-04   0.120091E+08   0.120091E+08   0.159968E+08   0.159963E+08   0.000000E+00   0.120091E+08   0.120091E+08   0.120184E+08  -0.574060E+00   0.105417E+08   0.105417E+08   0.160738E+02
   0.210641E-04   0.120091E+08   0.120091E+08   0.159935E+08   0.159928E+08   0.000000E+00   0.120091E+08   0.120091E+08   0.120184E+08  -0.574059E+00   0.105417E+08   0.105417E+08   0.177478E+02
   0.232595E-04   0.120090E+08   0.120090E+08   0.159894E+08   0.159886E+08   0.000000E+00   0.120090E+08   0.120090E+08   0.120184E+08  -0.574058E+00   0.105417E+08   0.105417E+08   0.195958E+02
   0.256837E-04   0.120090E+08   0.120090E+08   0.159844E+08   0.159834E+08   0.000000E+00   0.120090E+08   0.120090E+08   0.120184E+08  -0.574057E+00   0.105417E+08   0.105417E+08   0.216358E+02
   0.283605E-04   0.120090E+08   0.120090E+08   0.159783E+08   0.159772E+08   0.000000E+00   0.120090E+08   0.120090E+08   0.120183E+08  -0.574056E+00   0.105417E+08   0.105417E+08   0.238875E+02
   0.313163E-04   0.120090E+08   0.120090E+08   0.159709E+08   0.159695E+08   0.000000E+00   0.120090E+08   0.120090E+08   0.120183E+08  -0.574055E+00   0.105417E+08   0.105417E+08   0.263729E+02
   0.345802E-04   0.120090E+08   0.120090E+08   0.159618E+08   0.159602E+08   0.000000E+00   0.120090E+08   0.120090E+08   0.120183E+08  -0.574053E+00   0.105416E+08   0.105416E+08   0.291158E+02
   0.381843E-04   0.120089E+08   0.120089E+08   0.159508E+08   0.159488E+08   0.000000E+00   0.120089E+08   0.120089E+08   0.120182E+08  -0.574051E+00   0.105416E+08   0.105416E+08   0.321426E+02
   0.421640E-04   0.120089E+08   0.120089E+08   0.159374E+08   0.159349E+08   0.000000E+00   0.120089E+08   0.120089E+08   0.120182E+08  -0.574049E+00   0.105416E+08   0.105416E+08   0.354822E+02
   0.465585E-04   0.120088E+08   0.120088E+08   0.159210E+08   0.159180E+08   0.000000E+00   0.120088E+08   0.120088E+08   0.120181E+08  -0.574045E+00   0.105415E+08   0.105415E+08   0.391663E+02
   0.514110E-04   0.120088E+08   0.120088E+08   0.159011E+08   0.158974E+08   0.000000E+00   0.120088E+08   0.120088E+08   0.120181E+08  -0.574042E+00   0.105415E+08   0.105415E+08   0.432295E+02
   0.567693E-04   0.120087E+08   0.120087E+08   0.158768E+08   0.158724E+08   0.000000E+00   0.120087E+08   0.120087E+08   0.120180E+08  -0.574037E+00   0.105414E+08   0.105414E+08   0.477096E+02
   0.626859E-04   0.120086E+08   0.120086E+08   0.158473E+08   0.158419E+08   0.000000E+00   0.120086E+08   0.120086E+08   0.120179E+08  -0.574031E+00   0.105413E+08   0.105413E+08   0.526479E+02
   0.692193E-04   0.120085E+08   0.120085E+08   0.158114E+08   0.158048E+08   0.000000E+00   0.120085E+08   0.120085E+08   0.120177E+08  -0.574025E+00   0.105412E+08   0.105412E+08   0.580891E+02
   0.764336E-04   0.120083E+08   0.120083E+08   0.157677E+08   0.157596E+08   0.000000E+00   0.120083E+08   0.120083E+08   0.120176E+08  -0.574016E+00   0.105411E+08   0.105411E+08   0.640815E+02
   0.843998E-04   0.120082E+08   0.120082E+08   0.157145E+08   0.157047E+08   0.000000E+00   0.120082E+08   0.120082E+08   0.120174E+08  -0.574006E+00   0.105410E+08   0.105409E+08   0.706771E+02
   0.931962E-04   0.120080E+08   0.120079E+08   0.156500E+08   0.156381E+08   0.000000E+00   0.120080E+08   0.120080E+08   0.120171E+08  -0.573994E+00   0.105408E+08   0.105408E+08   0.779316E+02
   0.102909E-03   0.120077E+08   0.120077E+08   0.155716E+08   0.155571E+08   0.000000E+00   0.120077E+08   0.120077E+08   0.120168E+08  -0.573979E+00   0.105406E+08   0.105405E+08   0.859038E+02
   0.113635E-03   0.120074E+08   0.120074E+08   0.154765E+08   0.154590E+08   0.000000E+00   0.120074E+08   0.120074E+08   0.120165E+08  -0.573961E+00   0.105403E+08   0.105403E+08   0.946553E+02
   0.125479E-03   0.120071E+08   0.120070E+08   0.153613E+08   0.153401E+08   0.000000E+00   0.120070E+08   0.120070E+08   0.120160E+08  -0.573938E+00   0.105400E+08   0.105399E+08   0.104250E+03
   0.138556E-03   0.120066E+08   0.120065E+08   0.152220E+08   0.151963E+08   0.000000E+00   0.120066E+08   0.120066E+08   0.120155E+08  -0.573911E+00   0.105396E+08   0.105395E+08   0.114752E+03
   0.152997E-03   0.120061E+08   0.120060E+08   0.150538E+08   0.150227E+08   0.000000E+00   0.120060E+08   0.120060E+08   0.120148E+08  -0.573879E+00   0.105391E+08   0.105390E+08   0.126225E+03
   0.168943E-03   0.120054E+08   0.120053E+08   0.148510E+08   0.148135E+08   0.000000E+00   0.120054E+08   0.120054E+08   0.120140E+08  -0.573839E+00   0.105385E+08   0.105384E+08   0.138729E+03
   0.186551E-03   0.120046E+08   0.120045E+08   0.146074E+08   0.145622E+08   0.000000E+00   0.120046E+08   0.120046E+08   0.120131E+08  -0.573790E+00   0.105378E+08   0.105377E+08   0.152316E+03
   0.205994E-03   0.120036E+08   0.120034E+08   0.143154E+08   0.142613E+08   0.000000E+00   0.120036E+08   0.120036E+08   0.120119E+08  -0.573731E+00   0.105370E+08   0.105368E+08   0.167026E+03
   0.227463E-03   0.120024E+08   0.120022E+08   0.139670E+08   0.139022E+08   0.000000E+00   0.120024E+08   0.120024E+08   0.120105E+08  -0.573660E+00   0.105359E+08   0.105358E+08   0.182881E+03
   0.251170E-03   0.120009E+08   0.120007E+08   0.135533E+08   0.134761E+08   0.000000E+00   0.120009E+08   0.120009E+08   0.120088E+08  -0.573574E+00   0.105346E+08   0.105345E+08   0.199876E+03
   0.277348E-03   0.119992E+08   0.119989E+08   0.130647E+08   0.129732E+08   0.000000E+00   0.119991E+08   0.119991E+08   0.120067E+08  -0.573469E+00   0.105331E+08   0.105329E+08   0.217967E+03
   0.306255E-03   0.119970E+08   0.119967E+08   0.124920E+08   0.123842E+08   0.000000E+00   0.119970E+08   0.119970E+08   0.120042E+08  -0.573343E+00   0.105312E+08   0.105310E+08   0.237059E+03
   0.338173E-03   0.119944E+08   0.119940E+08   0.118266E+08   0.117007E+08   0.000000E+00   0.119944E+08   0.119944E+08   0.120012E+08  -0.573191E+00   0.105289E+08   0.105286E+08   0.256988E+03
   0.373419E-03   0.119913E+08   0.119908E+08   0.110620E+08   0.109162E+08   0.000000E+00   0.119912E+08   0.119912E+08   0.119976E+08  -0.573009E+00   0.105262E+08   0.105258E+08   0.277507E+03
   0.412338E-03   0.119875E+08   0.119869E+08   0.101952E+08   0.100283E+08   0.000000E+00   0.119874E+08   0.119874E+08   0.119933E+08  -0.572791E+00   0.105228E+08   0.105224E+08   0.298260E+03
   0.455314E-03   0.119829E+08   0.119823E+08   0.922897E+07   0.904078E+07   0.000000E+00   0.119828E+08   0.119828E+08   0.119882E+08  -0.572530E+00   0.105188E+08   0.105183E+08   0.318765E+03
   0.502768E-03   0.119774E+08   0.119766E+08   0.817440E+07   0.796587E+07   0.000000E+00   0.119773E+08   0.119773E+08   0.119820E+08  -0.572220E+00   0.105140E+08   0.105134E+08   0.338399E+03
   0.555168E-03   0.119708E+08   0.119699E+08   0.705340E+07   0.682738E+07   0.000000E+00   0.119707E+08   0.119707E+08   0.119748E+08  -0.571853E+00   0.105082E+08   0.105075E+08   0.356392E+03
   0.613030E-03   0.119630E+08   0.119619E+08   0.590091E+07   0.566256E+07   0.000000E+00   0.119628E+08   0.119628E+08   0.119662E+08  -0.571421E+00   0.105012E+08   0.105005E+08   0.371837E+03
   0.676922E-03   0.119536E+08   0.119523E+08   0.476538E+07   0.452249E+07   0.000000E+00   0.119534E+08   0.119534E+08   0.119561E+08  -0.570915E+00   0.104929E+08   0.104921E+08   0.383731E+03
   0.747473E-03   0.119425E+08   0.119410E+08   0.370622E+07   0.346914E+07   0.000000E+00   0.119423E+08   0.119423E+08   0.119444E+08  -0.570325E+00   0.104831E+08   0.104821E+08   0.391050E+03
   0.825378E-03   0.119294E+08   0.119277E+08   0.278638E+07   0.256728E+07   0.000000E+00   0.119291E+08   0.119291E+08   0.119307E+08  -0.569642E+00   0.104715E+08   0.104704E+08   0.392870E+03
   0.911402E-03   0.119140E+08   0.119121E+08   0.205925E+07   0.187044E+07   0.000000E+00   0.119137E+08   0.119137E+08   0.119148E+08  -0.568853E+00   0.104578E+08   0.104566E+08   0.388522E+03
   0.100639E-02   0.118959E+08   0.118939E+08   0.155105E+07   0.140246E+07   0.000000E+00   0.118956E+08   0.118956E+08   0.118965E+08  -0.567948E+00   0.104418E+08   0.104405E+08   0.377770E+03
   0.111128E-02   0.118750E+08   0.118727E+08   0.124452E+07   0.114075E+07   0.000000E+00   0.118746E+08   0.118746E+08   0.118753E+08  -0.566910E+00   0.104231E+08   0.104218E+08   0.360941E+03
   0.122710E-02   0.118506E+08   0.118482E+08   0.107453E+07   0.101280E+07   0.000000E+00   0.118503E+08   0.118503E+08   0.118509E+08  -0.565723E+00   0.104015E+08   0.104002E+08   0.338965E+03
   0.135500E-02   0.118226E+08   0.118200E+08   0.948030E+06   0.918483E+06   0.000000E+00   0.118222E+08   0.118222E+08   0.118228E+08  -0.564366E+00   0.103767E+08   0.103753E+08   0.313253E+03
   0.149622E-02   0.117904E+08   0.117877E+08   0.790551E+06   0.779818E+06   0.000000E+00   0.117900E+08   0.117900E+08   0.117904E+08  -0.562813E+00   0.103482E+08   0.103468E+08   0.285422E+03
   0.165216E-02   0.117535E+08   0.117507E+08   0.595672E+06   0.592154E+06   0.000000E+00   0.117530E+08   0.117530E+08   0.117534E+08  -0.561039E+00   0.103157E+08   0.103143E+08   0.257000E+03
   0.182435E-02   0.117113E+08   0.117086E+08   0.427661E+06   0.424676E+06   0.000000E+00   0.117109E+08   0.117109E+08   0.117111E+08  -0.559015E+00   0.102785E+08   0.102771E+08   0.229297E+03
   0.201449E-02   0.116633E+08   0.116606E+08   0.346738E+06   0.341047E+06   0.000000E+00   0.116629E+08   0.116629E+08   0.116631E+08  -0.556715E+00   0.102363E+08   0.102349E+08   0.203497E+03
   0.222445E-02   0.116089E+08   0.116061E+08   0.321932E+06   0.255877E+06   0.000000E+00   0.116084E+08   0.116084E+08   0.116086E+08  -0.554108E+00   0.101884E+08   0.101871E+08   0.180720E+03
   0.245629E-02   0.115472E+08   0.115444E+08   0.268790E+06   0.208753E+06   0.000000E+00   0.115468E+08   0.115468E+08   0.115470E+08  -0.551162E+00   0.101343E+08   0.101329E+08   0.161670E+03
   0.271230E-02   0.114778E+08   0.114748E+08   0.191175E+06   0.170184E+06   0.000000E+00   0.114773E+08   0.114773E+08   0.114774E+08  -0.547840E+00   0.100732E+08   0.100719E+08   0.146084E+03
   0.299498E-02   0.113996E+08   0.113965E+08   0.158084E+06   0.138630E+06   0.000000E+00   0.113992E+08   0.113992E+08   0.113993E+08  -0.544106E+00   0.100046E+08   0.100032E+08   0.132869E+03
   0.330713E-02   0.113121E+08   0.113087E+08   0.135940E+06   0.112825E+06   0.000000E+00   0.113116E+08   0.113116E+08   0.113117E+08  -0.539923E+00   0.992765E+07   0.992632E+07   0.120891E+03
   0.365181E-02   0.112143E+08   0.112107E+08   0.992769E+05   0.917347E+05   0.000000E+00   0.112138E+08   0.112138E+08   0.112138E+08  -0.535252E+00   0.984177E+07   0.984043E+07   0.109378E+03
   0.403241E-02   0.111055E+08   0.111016E+08   0.931305E+05   0.745060E+05   0.000000E+00   0.111049E+08   0.111049E+08   0.111049E+08  -0.530053E+00   0.974617E+07   0.974485E+07   0.982405E+02
   0.445269E-02   0.109847E+08   0.109805E+08   0.670140E+05   0.604415E+05   0.000000E+00   0.109841E+08   0.109841E+08   0.109841E+08  -0.524285E+00   0.964011E+07   0.963880E+07   0.881622E+02
   0.491676E-02   0.108512E+08   0.108465E+08   0.556090E+05   0.489679E+05   0.000000E+00   0.108504E+08   0.108504E+08   0.108505E+08  -0.517905E+00   0.952281E+07   0.952150E+07   0.794977E+02
   0.542920E-02   0.107039E+08   0.106988E+08   0.413112E+05   0.396157E+05   0.000000E+00   0.107031E+08   0.107031E+08   0.107032E+08  -0.510873E+00   0.939351E+07   0.939221E+07   0.719259E+02
   0.599505E-02   0.105422E+08   0.105364E+08   0.348037E+05   0.319993E+05   0.000000E+00   0.105413E+08   0.105413E+08   0.105413E+08  -0.503147E+00   0.925146E+07   0.925016E+07   0.648757E+02
   0.661988E-02   0.103650E+08   0.103586E+08   0.284897E+05   0.258027E+05   0.000000E+00   0.103640E+08   0.103640E+08   0.103640E+08  -0.494686E+00   0.909587E+07   0.909458E+07   0.583906E+02
   0.730983E-02   0.101716E+08   0.101643E+08   0.229845E+05   0.207666E+05   0.000000E+00   0.101705E+08   0.101705E+08   0.101705E+08  -0.485447E+00   0.892600E+07   0.892471E+07   0.527445E+02
   0.807169E-02   0.996107E+07   0.995270E+07   0.188010E+05   0.166787E+05   0.000000E+00   0.995978E+07   0.995978E+07   0.995979E+07  -0.475389E+00   0.874107E+07   0.873979E+07   0.476926E+02
   0.891295E-02   0.973256E+07   0.972296E+07   0.136533E+05   0.133648E+05   0.000000E+00   0.973107E+07   0.973107E+07   0.973108E+07  -0.464473E+00   0.854035E+07   0.853907E+07   0.431020E+02
   0.984188E-02   0.948523E+07   0.947418E+07   0.120742E+05   0.106821E+05   0.000000E+00   0.948352E+07   0.948352E+07   0.948353E+07  -0.452657E+00   0.832309E+07   0.832180E+07   0.390716E+02
   0.108676E-01   0.921827E+07   0.920551E+07   0.871754E+04   0.851393E+04   0.000000E+00   0.921630E+07   0.921630E+07   0.921630E+07  -0.439902E+00   0.808856E+07   0.808728E+07   0.354467E+02
   0.120003E-01   0.893088E+07   0.891614E+07   0.811103E+04   0.676462E+04   0.000000E+00   0.892861E+07   0.892861E+07   0.892861E+07  -0.426170E+00   0.783608E+07   0.783479E+07   0.322446E+02
   0.132510E-01   0.862237E+07   0.860533E+07   0.540372E+04   0.535599E+04   0.000000E+00   0.861974E+07   0.861974E+07   0.861974E+07  -0.411427E+00   0.756501E+07   0.756371E+07   0.293858E+02
   0.146321E-01   0.829215E+07   0.827249E+07   0.505223E+04   0.422414E+04   0.000000E+00   0.828912E+07   0.828912E+07   0.828912E+07  -0.395646E+00   0.727485E+07   0.727354E+07   0.268515E+02
   0.161571E-01   0.793988E+07   0.791726E+07   0.368279E+04   0.331694E+04   0.000000E+00   0.793639E+07   0.793639E+07   0.793639E+07  -0.378810E+00   0.696529E+07   0.696397E+07   0.245844E+02
   0.178410E-01   0.756560E+07   0.753971E+07   0.255278E+04   0.259187E+04   0.000000E+00   0.756161E+07   0.756161E+07   0.756161E+07  -0.360921E+00   0.663638E+07   0.663504E+07   0.225453E+02
   0.197005E-01   0.716995E+07   0.714053E+07   0.222906E+04   0.201430E+04   0.000000E+00   0.716541E+07   0.716541E+07   0.716541E+07  -0.342010E+00   0.628867E+07   0.628731E+07   0.206907E+02
   0.217538E-01   0.675445E+07   0.672133E+07   0.178473E+04   0.155606E+04   0.000000E+00   0.674934E+07   0.674934E+07   0.674934E+07  -0.322151E+00   0.592352E+07   0.592215E+07   0.189740E+02
   0.240210E-01   0.632185E+07   0.628503E+07   0.115710E+04   0.119427E+04   0.000000E+00   0.631617E+07   0.631617E+07   0.631617E+07  -0.301476E+00   0.554337E+07   0.554198E+07   0.173491E+02
   0.265246E-01   0.587655E+07   0.583626E+07   0.925567E+03   0.910320E+03   0.000000E+00   0.587033E+07   0.587033E+07   0.587033E+07  -0.280195E+00   0.515210E+07   0.515070E+07   0.157661E+02
   0.292891E-01   0.542492E+07   0.538172E+07   0.729881E+03   0.689084E+03   0.000000E+00   0.541825E+07   0.541825E+07   0.541825E+07  -0.258617E+00   0.475534E+07   0.475395E+07   0.141884E+02
   0.323417E-01   0.497553E+07   0.493036E+07   0.538448E+03   0.518234E+03   0.000000E+00   0.496856E+07   0.496856E+07   0.496856E+07  -0.237153E+00   0.436068E+07   0.435933E+07   0.125808E+02
   0.357124E-01   0.453900E+07   0.449323E+07   0.433000E+03   0.387670E+03   0.000000E+00   0.453194E+07   0.453194E+07   0.453194E+07  -0.216313E+00   0.397749E+07   0.397619E+07   0.109248E+02
   0.394345E-01   0.412715E+07   0.408256E+07   0.309599E+03   0.289060E+03   0.000000E+00   0.412026E+07   0.412026E+07   0.412027E+07  -0.196663E+00   0.361619E+07   0.361497E+07   0.922424E+01
   0.435445E-01   0.375132E+07   0.370994E+07   0.219766E+03   0.215474E+03   0.000000E+00   0.374493E+07   0.374493E+07   0.374493E+07  -0.178748E+00   0.328677E+07   0.328568E+07   0.751256E+01
   0.478990E-01   0.343065E+07   0.339423E+07   0.167037E+03   0.162867E+03   0.000000E+00   0.342503E+07   0.342503E+07   0.342503E+07  -0.163479E+00   0.300599E+07   0.300505E+07   0.591841E+01
   0.522534E-01   0.317734E+07   0.314668E+07   0.130015E+03   0.126769E+03   0.000000E+00   0.317261E+07   0.317261E+07   0.317261E+07  -0.151431E+00   0.278445E+07   0.278365E+07   0.458201E+01
   0.566079E-01   0.297068E+07   0.294573E+07   0.103598E+03   0.101012E+03   0.000000E+00   0.296683E+07   0.296683E+07   0.296683E+07  -0.141609E+00   0.260383E+07   0.260317E+07   0.351823E+01
   0.609623E-01   0.279609E+07   0.277611E+07   0.840944E+02   0.819948E+02   0.000000E+00   0.279301E+07   0.279301E+07   0.279301E+07  -0.133312E+00   0.245126E+07   0.245071E+07   0.272420E+01
   0.653168E-01   0.263973E+07   0.262352E+07   0.691705E+02   0.674435E+02   0.000000E+00   0.263723E+07   0.263723E+07   0.263723E+07  -0.125877E+00   0.231454E+07   0.231407E+07   0.217507E+01
   0.696712E-01   0.249173E+07   0.247787E+07   0.573911E+02   0.559583E+02   0.000000E+00   0.248959E+07   0.248959E+07   0.248959E+07  -0.118830E+00   0.218496E+07   0.218453E+07   0.183045E+01
   0.740257E-01   0.234624E+07   0.233336E+07   0.478699E+02   0.466748E+02   0.000000E+00   0.234425E+07   0.234425E+07   0.234425E+07  -0.111893E+00   0.205741E+07   0.205700E+07   0.164054E+01
   0.783801E-01   0.220166E+07   0.218865E+07   0.400648E+02   0.390645E+02   0.000000E+00   0.219965E+07   0.219965E+07   0.219965E+07  -0.104991E+00   0.193050E+07   0.193010E+07   0.155311E+01
   0.827346E-01   0.205958E+07   0.204572E+07   0.336334E+02   0.327936E+02   0.000000E+00   0.205744E+07   0.205744E+07   0.205744E+07  -0.982031E-01   0.180570E+07   0.180528E+07   0.151973E+01
   0.870890E-01   0.192324E+07   0.190824E+07   0.283397E+02   0.276322E+02   0.000000E+00   0.192092E+07   0.192092E+07   0.192092E+07  -0.916872E-01   0.168590E+07   0.168546E+07   0.150063E+01
   0.914435E-01   0.179609E+07   0.178008E+07   0.240011E+02   0.234019E+02   0.000000E+00   0.179362E+07   0.179362E+07   0.179362E+07  -0.856106E-01   0.157417E+07   0.157372E+07   0.146773E+01
   0.968429E-01   0.165584E+07   0.163922E+07   0.197247E+02   0.192323E+02   0.000000E+00   0.165327E+07   0.165327E+07   0.165327E+07  -0.789120E-01   0.145100E+07   0.145056E+07   0.138565E+01
   0.102242E+00   0.153884E+07   0.152256E+07   0.164445E+02   0.160340E+02   0.000000E+00   0.153633E+07   0.153633E+07   0.153633E+07  -0.733299E-01   0.134837E+07   0.134794E+07   0.125411E+01
   0.107642E+00   0.144573E+07   0.143073E+07   0.139390E+02   0.135910E+02   0.000000E+00   0.144341E+07   0.144341E+07   0.144341E+07  -0.688952E-01   0.126682E+07   0.126643E+07   0.108731E+01
   0.113041E+00   0.137257E+07   0.135949E+07   0.120013E+02   0.117017E+02   0.000000E+00   0.137055E+07   0.137055E+07   0.137055E+07  -0.654173E-01   0.120286E+07   0.120252E+07   0.909137E+00
   0.118441E+00   0.131266E+07   0.130170E+07   0.104569E+02   0.101959E+02   0.000000E+00   0.131097E+07   0.131097E+07   0.131097E+07  -0.625736E-01   0.115057E+07   0.115028E+07   0.744186E+00
   0.123840E+00   0.125929E+07   0.125023E+07   0.917782E+01   0.894868E+01   0.000000E+00   0.125789E+07   0.125789E+07   0.125789E+07  -0.600402E-01   0.110398E+07   0.110373E+07   0.611073E+00
   0.129239E+00   0.120717E+07   0.119947E+07   0.807925E+01   0.787754E+01   0.000000E+00   0.120598E+07   0.120598E+07   0.120598E+07  -0.575623E-01   0.105842E+07   0.105819E+07   0.518701E+00
   0.134639E+00   0.115298E+07   0.114597E+07   0.711041E+01   0.693289E+01   0.000000E+00   0.115190E+07   0.115190E+07   0.115190E+07  -0.549809E-01   0.101095E+07   0.101074E+07   0.465866E+00
   0.140038E+00   0.109582E+07   0.108888E+07   0.624658E+01   0.609063E+01   0.000000E+00   0.109475E+07   0.109475E+07   0.109475E+07  -0.522533E-01   0.960801E+06   0.960594E+06   0.443606E+00
   0.145438E+00   0.103701E+07   0.102971E+07   0.547989E+01   0.534308E+01   0.000000E+00   0.103588E+07   0.103588E+07   0.103588E+07  -0.494433E-01   0.909135E+06   0.908922E+06   0.438976E+00
   0.150837E+00   0.979068E+06   0.971252E+06   0.480920E+01   0.468913E+01   0.000000E+00   0.977862E+06   0.977862E+06   0.977862E+06  -0.466741E-01   0.858219E+06   0.857998E+06   0.438894E+00
   0.156237E+00   0.924826E+06   0.916591E+06   0.423355E+01   0.412786E+01   0.000000E+00   0.923555E+06   0.923555E+06   0.923555E+06  -0.440819E-01   0.810559E+06   0.810333E+06   0.433198E+00
   0.161636E+00   0.876726E+06   0.868352E+06   0.374932E+01   0.365571E+01   0.000000E+00   0.875434E+06   0.875434E+06   0.875434E+06  -0.417851E-01   0.768327E+06   0.768102E+06   0.416374E+00
   0.167035E+00   0.836142E+06   0.827984E+06   0.334821E+01   0.326462E+01   0.000000E+00   0.834883E+06   0.834883E+06   0.834883E+06  -0.398496E-01   0.732738E+06   0.732522E+06   0.387761E+00
   0.172435E+00   0.802843E+06   0.795219E+06   0.301682E+01   0.294150E+01   0.000000E+00   0.801666E+06   0.801666E+06   0.801666E+06  -0.382641E-01   0.703584E+06   0.703382E+06   0.350502E+00
   0.177834E+00   0.775246E+06   0.768361E+06   0.273919E+01   0.267080E+01   0.000000E+00   0.774183E+06   0.774183E+06   0.774183E+06  -0.369523E-01   0.679462E+06   0.679278E+06   0.309843E+00
   0.183234E+00   0.751226E+06   0.745131E+06   0.250051E+01   0.243808E+01   0.000000E+00   0.750286E+06   0.750286E+06   0.750286E+06  -0.358117E-01   0.658486E+06   0.658320E+06   0.271324E+00
   0.188633E+00   0.728714E+06   0.723314E+06   0.228897E+01   0.223183E+01   0.000000E+00   0.727881E+06   0.727881E+06   0.727881E+06  -0.347423E-01   0.638821E+06   0.638670E+06   0.239288E+00
   0.194033E+00   0.705994E+06   0.701092E+06   0.209606E+01   0.204373E+01   0.000000E+00   0.705238E+06   0.705238E+06   0.705238E+06  -0.336615E-01   0.618948E+06   0.618808E+06   0.215999E+00
   0.199432E+00   0.682029E+06   0.677386E+06   0.191679E+01   0.186894E+01   0.000000E+00   0.681312E+06   0.681312E+06   0.681312E+06  -0.325195E-01   0.597949E+06   0.597815E+06   0.201465E+00
   0.204831E+00   0.656710E+06   0.652114E+06   0.174956E+01   0.170588E+01   0.000000E+00   0.656000E+06   0.656000E+06   0.656000E+06  -0.313114E-01   0.575735E+06   0.575602E+06   0.193876E+00
   0.210231E+00   0.630713E+06   0.626021E+06   0.159498E+01   0.155516E+01   0.000000E+00   0.629989E+06   0.629989E+06   0.629989E+06  -0.300698E-01   0.552907E+06   0.552774E+06   0.190395E+00
   0.215630E+00   0.605079E+06   0.600239E+06   0.145435E+01   0.141804E+01   0.000000E+00   0.604332E+06   0.604332E+06   0.604332E+06  -0.288452E-01   0.530391E+06   0.530255E+06   0.188026E+00
   0.221030E+00   0.580860E+06   0.575910E+06   0.132865E+01   0.129547E+01   0.000000E+00   0.580096E+06   0.580096E+06   0.580097E+06  -0.276884E-01   0.509121E+06   0.508985E+06   0.184357E+00
   0.226429E+00   0.558895E+06   0.553933E+06   0.121809E+01   0.118768E+01   0.000000E+00   0.558129E+06   0.558129E+06   0.558129E+06  -0.266399E-01   0.489842E+06   0.489708E+06   0.178004E+00
   0.231829E+00   0.539602E+06   0.534753E+06   0.112188E+01   0.109387E+01   0.000000E+00   0.538854E+06   0.538854E+06   0.538854E+06  -0.257199E-01   0.472925E+06   0.472795E+06   0.168719E+00
   0.237228E+00   0.522900E+06   0.518275E+06   0.103825E+01   0.101233E+01   0.000000E+00   0.522186E+06   0.522186E+06   0.522186E+06  -0.249243E-01   0.458296E+06   0.458172E+06   0.157198E+00
   0.242627E+00   0.508312E+06   0.503984E+06   0.964918E+00   0.940828E+00   0.000000E+00   0.507644E+06   0.507644E+06   0.507644E+06  -0.242302E-01   0.445533E+06   0.445416E+06   0.144709E+00
   0.248027E+00   0.495149E+06   0.491138E+06   0.899515E+00   0.877057E+00   0.000000E+00   0.494530E+06   0.494530E+06   0.494530E+06  -0.236043E-01   0.434023E+06   0.433913E+06   0.132650E+00
   0.253426E+00   0.482648E+06   0.478923E+06   0.839894E+00   0.818925E+00   0.000000E+00   0.482073E+06   0.482073E+06   0.482073E+06  -0.230097E-01   0.423090E+06   0.422986E+06   0.122163E+00
   0.258826E+00   0.470139E+06   0.466632E+06   0.784381E+00   0.764798E+00   0.000000E+00   0.469598E+06   0.469598E+06   0.469598E+06  -0.224142E-01   0.412140E+06   0.412042E+06   0.113895E+00
   0.264225E+00   0.457246E+06   0.453874E+06   0.732020E+00   0.713744E+00   0.000000E+00   0.456725E+06   0.456725E+06   0.456725E+06  -0.217998E-01   0.400843E+06   0.400748E+06   0.107937E+00
   0.269625E+00   0.443965E+06   0.440653E+06   0.682567E+00   0.665526E+00   0.000000E+00   0.443454E+06   0.443454E+06   0.443454E+06  -0.211664E-01   0.389196E+06   0.389102E+06   0.103906E+00
   0.275024E+00   0.430542E+06   0.427235E+06   0.636170E+00   0.620288E+00   0.000000E+00   0.430031E+06   0.430031E+06   0.430031E+06  -0.205257E-01   0.377415E+06   0.377323E+06   0.101117E+00
   0.280423E+00   0.417303E+06   0.413980E+06   0.593064E+00   0.578258E+00   0.000000E+00   0.416790E+06   0.416790E+06   0.416790E+06  -0.198937E-01   0.365795E+06   0.365702E+06   0.987951E-01
   0.285823E+00   0.404590E+06   0.401258E+06   0.553453E+00   0.539635E+00   0.000000E+00   0.404076E+06   0.404076E+06   0.404076E+06  -0.192868E-01   0.354636E+06   0.354544E+06   0.962816E-01
   0.291222E+00   0.392720E+06   0.389412E+06   0.517464E+00   0.504545E+00   0.000000E+00   0.392210E+06   0.392210E+06   0.392210E+06  -0.187205E-01   0.344222E+06   0.344132E+06   0.931661E-01
   0.296622E+00   0.381895E+06   0.378650E+06   0.485041E+00   0.472932E+00   0.000000E+00   0.381394E+06   0.381394E+06   0.381394E+06  -0.182042E-01   0.334730E+06   0.334641E+06   0.893307E-01
   0.302021E+00   0.372111E+06   0.368968E+06   0.455872E+00   0.444490E+00   0.000000E+00   0.371626E+06   0.371626E+06   0.371626E+06  -0.177380E-01   0.326157E+06   0.326071E+06   0.849115E-01
   0.307421E+00   0.363191E+06   0.360178E+06   0.429462E+00   0.418740E+00   0.000000E+00   0.362726E+06   0.362726E+06   0.362726E+06  -0.173132E-01   0.318346E+06   0.318263E+06   0.802121E-01
   0.312820E+00   0.354884E+06   0.352010E+06   0.405292E+00   0.395173E+00   0.000000E+00   0.354441E+06   0.354441E+06   0.354441E+06  -0.169177E-01   0.311074E+06   0.310995E+06   0.755980E-01
   0.318219E+00   0.346946E+06   0.344202E+06   0.382906E+00   0.373346E+00   0.000000E+00   0.346523E+06   0.346523E+06   0.346523E+06  -0.165398E-01   0.304125E+06   0.304049E+06   0.713923E-01
   0.323619E+00   0.339159E+06   0.336523E+06   0.361933E+00   0.352897E+00   0.000000E+00   0.338752E+06   0.338752E+06   0.338752E+06  -0.161689E-01   0.297304E+06   0.297231E+06   0.678005E-01
   0.329018E+00   0.331364E+06   0.328809E+06   0.342107E+00   0.333566E+00   0.000000E+00   0.330969E+06   0.330969E+06   0.330969E+06  -0.157974E-01   0.290474E+06   0.290403E+06   0.648799E-01
   0.334418E+00   0.323508E+06   0.321006E+06   0.323298E+00   0.315226E+00   0.000000E+00   0.323122E+06   0.323122E+06   0.323122E+06  -0.154229E-01   0.283587E+06   0.283517E+06   0.625537E-01
   0.339817E+00   0.315653E+06   0.313182E+06   0.305498E+00   0.297871E+00   0.000000E+00   0.315272E+06   0.315272E+06   0.315272E+06  -0.150481E-01   0.276697E+06   0.276628E+06   0.606542E-01
   0.345217E+00   0.307922E+06   0.305472E+06   0.288760E+00   0.281550E+00   0.000000E+00   0.307543E+06   0.307543E+06   0.307543E+06  -0.146793E-01   0.269915E+06   0.269847E+06   0.589763E-01
   0.350616E+00   0.300441E+06   0.298012E+06   0.273128E+00   0.266309E+00   0.000000E+00   0.300066E+06   0.300066E+06   0.300066E+06  -0.143224E-01   0.263352E+06   0.263285E+06   0.573304E-01
   0.356015E+00   0.293310E+06   0.290909E+06   0.258614E+00   0.252157E+00   0.000000E+00   0.292939E+06   0.292939E+06   0.292939E+06  -0.139822E-01   0.257097E+06   0.257031E+06   0.555832E-01
   0.361415E+00   0.286592E+06   0.284233E+06   0.245195E+00   0.239074E+00   0.000000E+00   0.286228E+06   0.286228E+06   0.286228E+06  -0.136619E-01   0.251207E+06   0.251143E+06   0.536784E-01
   0.366814E+00   0.280306E+06   0.278001E+06   0.232809E+00   0.226997E+00   0.000000E+00   0.279950E+06   0.279950E+06   0.279950E+06  -0.133622E-01   0.245698E+06   0.245634E+06   0.516333E-01
   0.372214E+00   0.274412E+06   0.272171E+06   0.221352E+00   0.215825E+00   0.000000E+00   0.274066E+06   0.274066E+06   0.274066E+06  -0.130814E-01   0.240533E+06   0.240472E+06   0.495179E-01
   0.377613E+00   0.268827E+06   0.266655E+06   0.210693E+00   0.205433E+00   0.000000E+00   0.268492E+06   0.268492E+06   0.268492E+06  -0.128153E-01   0.235641E+06   0.235582E+06   0.474269E-01
   0.383013E+00   0.263461E+06   0.261355E+06   0.200710E+00   0.195699E+00   0.000000E+00   0.263136E+06   0.263136E+06   0.263136E+06  -0.125597E-01   0.230941E+06   0.230883E+06   0.454518E-01
   0.388412E+00   0.258236E+06   0.256190E+06   0.191299E+00   0.186523E+00   0.000000E+00   0.257920E+06   0.257920E+06   0.257920E+06  -0.123107E-01   0.226363E+06   0.226306E+06   0.436589E-01
   0.393811E+00   0.253094E+06   0.251098E+06   0.182385E+00   0.177832E+00   0.000000E+00   0.252786E+06   0.252786E+06   0.252786E+06  -0.120656E-01   0.221857E+06   0.221801E+06   0.420766E-01
   0.399211E+00   0.248002E+06   0.246047E+06   0.173915E+00   0.169573E+00   0.000000E+00   0.247700E+06   0.247700E+06   0.247700E+06  -0.118229E-01   0.217393E+06   0.217339E+06   0.406939E-01
   0.404610E+00   0.242963E+06   0.241040E+06   0.165863E+00   0.161722E+00   0.000000E+00   0.242666E+06   0.242666E+06   0.242666E+06  -0.115826E-01   0.212975E+06   0.212922E+06   0.394709E-01
   0.410010E+00   0.238011E+06   0.236115E+06   0.158230E+00   0.154279E+00   0.000000E+00   0.237718E+06   0.237718E+06   0.237718E+06  -0.113465E-01   0.208633E+06   0.208580E+06   0.383529E-01
   0.415409E+00   0.233192E+06   0.231321E+06   0.151021E+00   0.147250E+00   0.000000E+00   0.232903E+06   0.232903E+06   0.232903E+06  -0.111166E-01   0.204407E+06   0.204355E+06   0.372851E-01
   0.420809E+00   0.228538E+06   0.226694E+06   0.144232E+00   0.140631E+00   0.000000E+00   0.228254E+06   0.228254E+06   0.228254E+06  -0.108947E-01   0.200326E+06   0.200275E+06   0.362234E-01
   0.426208E+00   0.224068E+06   0.222253E+06   0.137850E+00   0.134408E+00   0.000000E+00   0.223788E+06   0.223788E+06   0.223788E+06  -0.106815E-01   0.196407E+06   0.196357E+06   0.351432E-01
   0.431607E+00   0.219791E+06   0.218009E+06   0.131856E+00   0.128564E+00   0.000000E+00   0.219516E+06   0.219516E+06   0.219516E+06  -0.104777E-01   0.192658E+06   0.192609E+06   0.340410E-01
   0.437007E+00   0.215706E+06   0.213962E+06   0.126228E+00   0.123077E+00   0.000000E+00   0.215437E+06   0.215437E+06   0.215437E+06  -0.102830E-01   0.189078E+06   0.189030E+06   0.329308E-01
   0.442406E+00   0.211791E+06   0.210085E+06   0.120931E+00   0.117912E+00   0.000000E+00   0.211528E+06   0.211528E+06   0.211528E+06  -0.100964E-01   0.185647E+06   0.185600E+06   0.318357E-01
   0.447806E+00   0.208008E+06   0.206340E+06   0.115925E+00   0.113030E+00   0.000000E+00   0.207750E+06   0.207750E+06   0.207750E+06  -0.991607E-02   0.182331E+06   0.182285E+06   0.307807E-01
   0.453205E+00   0.204325E+06   0.202694E+06   0.111176E+00   0.108400E+00   0.000000E+00   0.204074E+06   0.204074E+06   0.204074E+06  -0.974058E-02   0.179105E+06   0.179060E+06   0.297861E-01
   0.458605E+00   0.200727E+06   0.199128E+06   0.106662E+00   0.103999E+00   0.000000E+00   0.200480E+06   0.200480E+06   0.200480E+06  -0.956906E-02   0.175951E+06   0.175906E+06   0.288639E-01
   0.464004E+00   0.197199E+06   0.195630E+06   0.102363E+00   0.998071E-01   0.000000E+00   0.196957E+06   0.196957E+06   0.196957E+06  -0.940090E-02   0.172859E+06   0.172815E+06   0.280151E-01
   0.469403E+00   0.193733E+06   0.192190E+06   0.982633E-01   0.958100E-01   0.000000E+00   0.193495E+06   0.193495E+06   0.193495E+06  -0.923567E-02   0.169821E+06   0.169778E+06   0.272307E-01
   0.474803E+00   0.190330E+06   0.188811E+06   0.943538E-01   0.919982E-01   0.000000E+00   0.190096E+06   0.190096E+06   0.190096E+06  -0.907341E-02   0.166837E+06   0.166795E+06   0.264964E-01
   0.480202E+00   0.187004E+06   0.185507E+06   0.906315E-01   0.883687E-01   0.000000E+00   0.186773E+06   0.186773E+06   0.186773E+06  -0.891481E-02   0.163921E+06   0.163879E+06   0.257963E-01
   0.485602E+00   0.183770E+06   0.182295E+06   0.870943E-01   0.849199E-01   0.000000E+00   0.183543E+06   0.183543E+06   0.183543E+06  -0.876062E-02   0.161086E+06   0.161045E+06   0.251164E-01
   0.491001E+00   0.180636E+06   0.179184E+06   0.837363E-01   0.816457E-01   0.000000E+00   0.180412E+06   0.180412E+06   0.180412E+06  -0.861119E-02   0.158338E+06   0.158298E+06   0.244471E-01
   0.496401E+00   0.177601E+06   0.176172E+06   0.805478E-01   0.785369E-01   0.000000E+00   0.177380E+06   0.177380E+06   0.177380E+06  -0.846649E-02   0.155677E+06   0.155638E+06   0.237840E-01
   0.501800E+00   0.174663E+06   0.173257E+06   0.775197E-01   0.755844E-01   0.000000E+00   0.174446E+06   0.174446E+06   0.174446E+06  -0.832642E-02   0.153102E+06   0.153063E+06   0.231282E-01
   0.507199E+00   0.171819E+06   0.170438E+06   0.746427E-01   0.727792E-01   0.000000E+00   0.171606E+06   0.171606E+06   0.171606E+06  -0.819086E-02   0.150609E+06   0.150571E+06   0.224848E-01
   0.512599E+00   0.169061E+06   0.167705E+06   0.719058E-01   0.701106E-01   0.000000E+00   0.168852E+06   0.168852E+06   0.168852E+06  -0.805943E-02   0.148192E+06   0.148155E+06   0.218602E-01
   0.517998E+00   0.166376E+06   0.165044E+06   0.692965E-01   0.675664E-01   0.000000E+00   0.166171E+06   0.166171E+06   0.166171E+06  -0.793145E-02   0.145839E+06   0.145802E+06   0.212601E-01
   0.523398E+00   0.163752E+06   0.162443E+06   0.668037E-01   0.651359E-01   0.000000E+00   0.163550E+06   0.163550E+06   0.163550E+06  -0.780636E-02   0.143539E+06   0.143503E+06   0.206885E-01
   0.528797E+00   0.161183E+06   0.159896E+06   0.644199E-01   0.628116E-01   0.000000E+00   0.160985E+06   0.160985E+06   0.160985E+06  -0.768392E-02   0.141288E+06   0.141252E+06   0.201467E-01
   0.534197E+00   0.158669E+06   0.157401E+06   0.621395E-01   0.605881E-01   0.000000E+00   0.158473E+06   0.158473E+06   0.158473E+06  -0.756405E-02   0.139084E+06   0.139049E+06   0.196334E-01
   0.539596E+00   0.156207E+06   0.154958E+06   0.599570E-01   0.584601E-01   0.000000E+00   0.156014E+06   0.156014E+06   0.156014E+06  -0.744667E-02   0.136925E+06   0.136891E+06   0.191451E-01
   0.544995E+00   0.153796E+06   0.152566E+06   0.578677E-01   0.564230E-01   0.000000E+00   0.153606E+06   0.153606E+06   0.153606E+06  -0.733174E-02   0.134812E+06   0.134778E+06   0.186770E-01
   0.550395E+00   0.151439E+06   0.150226E+06   0.558684E-01   0.544736E-01   0.000000E+00   0.151252E+06   0.151252E+06   0.151252E+06  -0.721938E-02   0.132746E+06   0.132713E+06   0.182246E-01
   0.555794E+00   0.149142E+06   0.147946E+06   0.539569E-01   0.526098E-01   0.000000E+00   0.148957E+06   0.148957E+06   0.148957E+06  -0.710984E-02   0.130732E+06   0.130699E+06   0.177845E-01
   0.561194E+00   0.146905E+06   0.145726E+06   0.521298E-01   0.508283E-01   0.000000E+00   0.146723E+06   0.146723E+06   0.146723E+06  -0.700320E-02   0.128771E+06   0.128739E+06   0.173544E-01
   0.566593E+00   0.144726E+06   0.143565E+06   0.503824E-01   0.491246E-01   0.000000E+00   0.144547E+06   0.144547E+06   0.144547E+06  -0.689932E-02   0.126861E+06   0.126829E+06   0.169336E-01
   0.571993E+00   0.142602E+06   0.141458E+06   0.487101E-01   0.474940E-01   0.000000E+00   0.142425E+06   0.142425E+06   0.142425E+06  -0.679806E-02   0.124999E+06   0.124968E+06   0.165224E-01
   0.577392E+00   0.140531E+06   0.139404E+06   0.471092E-01   0.459330E-01   0.000000E+00   0.140357E+06   0.140357E+06   0.140357E+06  -0.669934E-02   0.123184E+06   0.123153E+06   0.161222E-01
   0.582791E+00   0.138511E+06   0.137401E+06   0.455757E-01   0.444379E-01   0.000000E+00   0.138340E+06   0.138340E+06   0.138340E+06  -0.660305E-02   0.121413E+06   0.121383E+06   0.157345E-01
   0.588191E+00   0.136537E+06   0.135444E+06   0.441052E-01   0.430040E-01   0.000000E+00   0.136368E+06   0.136368E+06   0.136368E+06  -0.650895E-02   0.119683E+06   0.119653E+06   0.153606E-01
   0.593590E+00   0.134604E+06   0.133527E+06   0.426933E-01   0.416274E-01   0.000000E+00   0.134437E+06   0.134437E+06   0.134437E+06  -0.641679E-02   0.117989E+06   0.117959E+06   0.150007E-01
   0.598990E+00   0.132709E+06   0.131648E+06   0.413371E-01   0.403051E-01   0.000000E+00   0.132546E+06   0.132546E+06   0.132546E+06  -0.632650E-02   0.116328E+06   0.116299E+06   0.146547E-01
   0.604389E+00   0.130855E+06   0.129808E+06   0.400344E-01   0.390349E-01   0.000000E+00   0.130693E+06   0.130693E+06   0.130693E+06  -0.623809E-02   0.114703E+06   0.114674E+06   0.143219E-01
   0.609789E+00   0.129039E+06   0.128007E+06   0.387829E-01   0.378146E-01   0.000000E+00   0.128880E+06   0.128880E+06   0.128880E+06  -0.615153E-02   0.113111E+06   0.113083E+06   0.140009E-01
   0.615188E+00   0.127261E+06   0.126242E+06   0.375798E-01   0.366416E-01   0.000000E+00   0.127103E+06   0.127103E+06   0.127103E+06  -0.606674E-02   0.111552E+06   0.111524E+06   0.136903E-01
   0.620587E+00   0.125519E+06   0.124514E+06   0.364233E-01   0.355140E-01   0.000000E+00   0.125364E+06   0.125364E+06   0.125364E+06  -0.598371E-02   0.110025E+06   0.109997E+06   0.133887E-01
   0.625987E+00   0.123816E+06   0.122824E+06   0.353120E-01   0.344304E-01   0.000000E+00   0.123663E+06   0.123663E+06   0.123663E+06  -0.590252E-02   0.108532E+06   0.108505E+06   0.130952E-01
   0.631386E+00   0.122152E+06   0.121173E+06   0.342441E-01   0.333892E-01   0.000000E+00   0.122001E+06   0.122001E+06   0.122001E+06  -0.582319E-02   0.107074E+06   0.107047E+06   0.128092E-01
   0.680140E+00   0.108619E+06   0.107750E+06   0.262413E-01   0.255862E-01   0.000000E+00   0.108485E+06   0.108485E+06   0.108485E+06  -0.517806E-02   0.952115E+05   0.951875E+05   0.105641E-01
   0.732659E+00   0.965079E+05   0.957355E+05   0.200926E-01   0.195910E-01   0.000000E+00   0.963887E+05   0.963887E+05   0.963887E+05  -0.460070E-02   0.845952E+05   0.845739E+05   0.871040E-02
   0.789233E+00   0.856866E+05   0.850009E+05   0.153737E-01   0.149899E-01   0.000000E+00   0.855808E+05   0.855808E+05   0.855808E+05  -0.408483E-02   0.751098E+05   0.750908E+05   0.717734E-02
   0.811282E+00   0.819808E+05   0.813248E+05   0.139202E-01   0.135727E-01   0.000000E+00   0.818796E+05   0.818796E+05   0.818796E+05  -0.390817E-02   0.718614E+05   0.718433E+05   0.667903E-02
   0.100425E+01   0.580321E+05   0.575679E+05   0.643081E-02   0.627026E-02   0.000000E+00   0.579605E+05   0.579605E+05   0.579605E+05  -0.276649E-02   0.508688E+05   0.508560E+05   0.381482E-02
   0.124311E+01   0.408759E+05   0.405490E+05   0.295617E-02   0.288236E-02   0.000000E+00   0.408254E+05   0.408254E+05   0.408254E+05  -0.194863E-02   0.358303E+05   0.358213E+05   0.216726E-02
   0.153878E+01   0.286626E+05   0.284335E+05   0.135283E-02   0.131905E-02   0.000000E+00   0.286273E+05   0.286273E+05   0.286273E+05  -0.136640E-02   0.251247E+05   0.251184E+05   0.122495E-02
   0.190478E+01   0.200167E+05   0.198567E+05   0.616568E-03   0.601174E-03   0.000000E+00   0.199920E+05   0.199920E+05   0.199920E+05  -0.954231E-03   0.175459E+05   0.175415E+05   0.688832E-03
   0.235783E+01   0.139270E+05   0.138157E+05   0.279970E-03   0.272980E-03   0.000000E+00   0.139098E+05   0.139098E+05   0.139098E+05  -0.663927E-03   0.122079E+05   0.122049E+05   0.385302E-03
   0.291864E+01   0.965734E+04   0.958021E+04   0.126700E-03   0.123536E-03   0.000000E+00   0.964544E+04   0.964544E+04   0.964544E+04  -0.460384E-03   0.846529E+04   0.846320E+04   0.214257E-03
   0.361284E+01   0.667602E+04   0.662272E+04   0.571609E-04   0.557338E-04   0.000000E+00   0.666779E+04   0.666779E+04   0.666779E+04  -0.318258E-03   0.585196E+04   0.585054E+04   0.118312E-03
   0.447215E+01   0.460205E+04   0.456533E+04   0.257157E-04   0.250736E-04   0.000000E+00   0.459638E+04   0.459638E+04   0.459638E+04  -0.219389E-03   0.403400E+04   0.403303E+04   0.647474E-04
   0.553586E+01   0.316417E+04   0.313895E+04   0.115391E-04   0.112510E-04   0.000000E+00   0.316028E+04   0.316028E+04   0.316028E+04  -0.150842E-03   0.277360E+04   0.277296E+04   0.349974E-04
   0.685256E+01   0.217037E+04   0.215309E+04   0.516548E-05   0.503652E-05   0.000000E+00   0.216770E+04   0.216770E+04   0.216770E+04  -0.103466E-03   0.190247E+04   0.190205E+04   0.185739E-04
   0.848245E+01   0.148543E+04   0.147363E+04   0.230726E-05   0.224966E-05   0.000000E+00   0.148361E+04   0.148361E+04   0.148361E+04  -0.708138E-04   0.130208E+04   0.130181E+04   0.957661E-05
   0.105000E+02   0.101459E+04   0.100656E+04   0.102849E-05   0.100282E-05   0.000000E+00   0.101335E+04   0.101335E+04   0.101335E+04  -0.483678E-04   0.889355E+03   0.889190E+03   0.469865E-05
