#           k/h    P           
   0.100000E-03   0.143505E+02
   0.102020E-03   0.146293E+02
   0.104081E-03   0.149135E+02
   0.106184E-03   0.152033E+02
   0.108329E-03   0.154986E+02
   0.110517E-03   0.157997E+02
   0.112750E-03   0.161066E+02
   0.115027E-03   0.164195E+02
   0.117351E-03   0.167385E+02
   0.119722E-03   0.170636E+02
   0.122140E-03   0.173951E+02
   0.124608E-03   0.177330E+02
   0.127125E-03   0.180774E+02
   0.129693E-03   0.184286E+02
   0.132313E-03   0.187865E+02
   0.134986E-03   0.191514E+02
   0.137713E-03   0.195233E+02
   0.140495E-03   0.199025E+02
   0.143333E-03   0.202891E+02
   0.146228E-03   0.206831E+02
   0.149182E-03   0.210848E+02
   0.152196E-03   0.214942E+02
   0.155271E-03   0.219116E+02
   0.158407E-03   0.223371E+02
   0.161607E-03   0.227709E+02
   0.164872E-03   0.232130E+02
   0.168203E-03   0.236637E+02
   0.171601E-03   0.241232E+02
   0.175067E-03   0.245915E+02
   0.178604E-03   0.250689E+02
   0.182212E-03   0.255556E+02
   0.185893E-03   0.260517E+02
   0.189648E-03   0.265574E+02
   0.193479E-03   0.270729E+02
   0.197388E-03   0.275984E+02
   0.201375E-03   0.281341E+02
   0.205443E-03   0.286801E+02
   0.209594E-03   0.292367E+02
   0.213828E-03   0.298040E+02
   0.218147E-03   0.303823E+02
   0.222554E-03   0.309718E+02
   0.227050E-03   0.315728E+02
   0.231637E-03   0.321853E+02
   0.236316E-03   0.328097E+02
   0.241090E-03   0.334461E+02
   0.245960E-03   0.340948E+02
   0.250929E-03   0.347561E+02
   0.255998E-03   0.354301E+02
   0.261170E-03   0.361171E+02
   0.266446E-03   0.368174E+02
   0.271828E-03   0.375312E+02
   0.277319E-03   0.382588E+02
   0.282922E-03   0.390004E+02
   0.288637E-03   0.397563E+02
   0.294468E-03   0.405268E+02
   0.300417E-03   0.413121E+02
   0.306485E-03   0.421126E+02
   0.312677E-03   0.429284E+02
   0.318993E-03   0.437600E+02
   0.325437E-03   0.446075E+02
   0.332012E-03   0.454713E+02
   0.338719E-03   0.463518E+02
   0.345561E-03   0.472491E+02
   0.352542E-03   0.481637E+02
   0.359664E-03   0.490958E+02
   0.366930E-03   0.500458E+02
   0.374342E-03   0.510141E+02
   0.381904E-03   0.520008E+02
   0.389619E-03   0.530065E+02
   0.397490E-03   0.540315E+02
   0.405520E-03   0.550760E+02
   0.413712E-03   0.561405E+02
   0.422070E-03   0.572253E+02
   0.430596E-03   0.583309E+02
   0.439295E-03   0.594575E+02
   0.448169E-03   0.606056E+02
   0.457222E-03   0.617756E+02
   0.466459E-03   0.629678E+02
   0.475882E-03   0.641828E+02
   0.485496E-03   0.654208E+02
   0.495303E-03   0.666823E+02
   0.505309E-03   0.679677E+02
   0.515517E-03   0.692775E+02
   0.525931E-03   0.706121E+02
   0.536556E-03   0.719719E+02
   0.547395E-03   0.733574E+02
   0.558453E-03   0.747691E+02
   0.569734E-03   0.762074E+02
   0.581244E-03   0.776727E+02
   0.592986E-03   0.791656E+02
   0.604965E-03   0.806865E+02
   0.617186E-03   0.822359E+02
   0.629654E-03   0.838144E+02
   0.642374E-03   0.854224E+02
   0.655350E-03   0.870604E+02
   0.668589E-03   0.887289E+02
   0.682096E-03   0.904285E+02
   0.695875E-03   0.921597E+02
   0.709933E-03   0.939230E+02
   0.724274E-03   0.957189E+02
   0.738906E-03   0.975481E+02
   0.753832E-03   0.994110E+02
   0.769061E-03   0.101308E+03
   0.784597E-03   0.103240E+03
   0.800447E-03   0.105208E+03
   0.816617E-03   0.107211E+03
   0.833114E-03   0.109251E+03
   0.849944E-03   0.111329E+03
   0.867114E-03   0.113444E+03
   0.884631E-03   0.115597E+03
   0.902501E-03   0.117789E+03
   0.920733E-03   0.120021E+03
   0.939333E-03   0.122293E+03
   0.958309E-03   0.124606E+03
   0.977668E-03   0.126960E+03
   0.997418E-03   0.129356E+03
   0.101757E-02   0.131794E+03
   0.103812E-02   0.134276E+03
   0.105910E-02   0.136802E+03
   0.108049E-02   0.139372E+03
   0.110232E-02   0.141987E+03
   0.112459E-02   0.144648E+03
   0.114730E-02   0.147355E+03
   0.117048E-02   0.150110E+03
   0.119413E-02   0.152911E+03
   0.121825E-02   0.155762E+03
   0.124286E-02   0.158661E+03
   0.126797E-02   0.161609E+03
   0.129358E-02   0.164608E+03
   0.131971E-02   0.167657E+03
   0.134637E-02   0.170758E+03
   0.137357E-02   0.173911E+03
   0.140132E-02   0.177117E+03
   0.142963E-02   0.180375E+03
   0.145851E-02   0.183688E+03
   0.148797E-02   0.187055E+03
   0.151803E-02   0.190478E+03
   0.154870E-02   0.193956E+03
   0.157998E-02   0.197490E+03
   0.161190E-02   0.201081E+03
   0.164446E-02   0.204730E+03
   0.167768E-02   0.208437E+03
   0.171158E-02   0.212202E+03
   0.174615E-02   0.216027E+03
   0.178143E-02   0.219912E+03
   0.181741E-02   0.223856E+03
   0.185413E-02   0.227862E+03
   0.189158E-02   0.231929E+03
   0.192980E-02   0.236058E+03
   0.196878E-02   0.240249E+03
   0.200855E-02   0.244504E+03
   0.204913E-02   0.248821E+03
   0.209052E-02   0.253202E+03
   0.213276E-02   0.257648E+03
   0.217584E-02   0.262158E+03
   0.221979E-02   0.266733E+03
   0.226464E-02   0.271373E+03
   0.231039E-02   0.276079E+03
   0.235706E-02   0.280851E+03
   0.240467E-02   0.285690E+03
   0.245325E-02   0.290595E+03
   0.250281E-02   0.295566E+03
   0.255337E-02   0.300605E+03
   0.260495E-02   0.305711E+03
   0.265758E-02   0.310884E+03
   0.271126E-02   0.316124E+03
   0.276603E-02   0.321432E+03
   0.282191E-02   0.326806E+03
   0.287892E-02   0.332249E+03
   0.293708E-02   0.337758E+03
   0.299641E-02   0.343334E+03
   0.305694E-02   0.348978E+03
   0.311870E-02   0.354687E+03
   0.318170E-02   0.360463E+03
   0.324597E-02   0.366305E+03
   0.331155E-02   0.372213E+03
   0.337844E-02   0.378185E+03
   0.344669E-02   0.384223E+03
   0.351632E-02   0.390324E+03
   0.358735E-02   0.396488E+03
   0.365982E-02   0.402715E+03
   0.373376E-02   0.409003E+03
   0.380918E-02   0.415353E+03
   0.388613E-02   0.421762E+03
   0.396464E-02   0.428231E+03
   0.404473E-02   0.434757E+03
   0.412644E-02   0.441340E+03
   0.420980E-02   0.447978E+03
   0.429484E-02   0.454671E+03
   0.438160E-02   0.461416E+03
   0.447012E-02   0.468212E+03
   0.456042E-02   0.475058E+03
   0.465255E-02   0.481951E+03
   0.474653E-02   0.488891E+03
   0.484242E-02   0.495874E+03
   0.494024E-02   0.502899E+03
   0.504004E-02   0.509964E+03
   0.514186E-02   0.517067E+03
   0.524573E-02   0.524205E+03
   0.535170E-02   0.531376E+03
   0.545981E-02   0.538576E+03
   0.557011E-02   0.545804E+03
   0.568263E-02   0.553057E+03
   0.579743E-02   0.560331E+03
   0.591455E-02   0.567624E+03
   0.603403E-02   0.574932E+03
   0.615592E-02   0.582252E+03
   0.628028E-02   0.589580E+03
   0.640715E-02   0.596913E+03
   0.653658E-02   0.604247E+03
   0.666863E-02   0.611578E+03
   0.680335E-02   0.618901E+03
   0.694078E-02   0.626214E+03
   0.708100E-02   0.633510E+03
   0.722404E-02   0.640786E+03
   0.736998E-02   0.648037E+03
   0.751886E-02   0.655258E+03
   0.767075E-02   0.662444E+03
   0.782571E-02   0.669589E+03
   0.798380E-02   0.676689E+03
   0.814509E-02   0.683738E+03
   0.830963E-02   0.690730E+03
   0.847750E-02   0.697659E+03
   0.864875E-02   0.704520E+03
   0.882347E-02   0.711305E+03
   0.900171E-02   0.718009E+03
   0.918356E-02   0.724625E+03
   0.936908E-02   0.731146E+03
   0.955835E-02   0.737565E+03
   0.975144E-02   0.743876E+03
   0.994843E-02   0.750070E+03
   0.101494E-01   0.756141E+03
   0.103544E-01   0.762080E+03
   0.105636E-01   0.767880E+03
   0.107770E-01   0.773534E+03
   0.109947E-01   0.779032E+03
   0.112168E-01   0.784367E+03
   0.114434E-01   0.789531E+03
   0.116746E-01   0.794513E+03
   0.119104E-01   0.799308E+03
   0.121510E-01   0.803904E+03
   0.123965E-01   0.808294E+03
   0.126469E-01   0.812469E+03
   0.129024E-01   0.816418E+03
   0.131631E-01   0.820134E+03
   0.134290E-01   0.823607E+03
   0.137003E-01   0.826828E+03
   0.139770E-01   0.829787E+03
   0.142594E-01   0.832476E+03
   0.145474E-01   0.834884E+03
   0.148413E-01   0.837004E+03
   0.151411E-01   0.838826E+03
   0.154470E-01   0.840340E+03
   0.157590E-01   0.841538E+03
   0.160774E-01   0.842412E+03
   0.164022E-01   0.842953E+03
   0.167335E-01   0.843154E+03
   0.170716E-01   0.843005E+03
   0.174164E-01   0.842499E+03
   0.177683E-01   0.841630E+03
   0.181272E-01   0.840391E+03
   0.184934E-01   0.838775E+03
   0.188670E-01   0.836777E+03
   0.192481E-01   0.834392E+03
   0.196370E-01   0.831616E+03
   0.200337E-01   0.828444E+03
   0.204384E-01   0.824875E+03
   0.208513E-01   0.820905E+03
   0.212725E-01   0.816536E+03
   0.217022E-01   0.811764E+03
   0.221406E-01   0.806593E+03
   0.225879E-01   0.801023E+03
   0.230442E-01   0.795059E+03
   0.235097E-01   0.788705E+03
   0.239847E-01   0.781966E+03
   0.244692E-01   0.774849E+03
   0.249635E-01   0.767362E+03
   0.254678E-01   0.759518E+03
   0.259823E-01   0.751326E+03
   0.265072E-01   0.742799E+03
   0.270426E-01   0.733950E+03
   0.275889E-01   0.724796E+03
   0.281463E-01   0.715356E+03
   0.287149E-01   0.705649E+03
   0.292949E-01   0.695693E+03
   0.298867E-01   0.685509E+03
   0.304905E-01   0.675121E+03
   0.311064E-01   0.664557E+03
   0.317348E-01   0.653843E+03
   0.323759E-01   0.643002E+03
   0.330299E-01   0.632060E+03
   0.336972E-01   0.621049E+03
   0.343779E-01   0.609999E+03
   0.350724E-01   0.598937E+03
   0.357809E-01   0.587892E+03
   0.365038E-01   0.576892E+03
   0.372412E-01   0.565971E+03
   0.379935E-01   0.555164E+03
   0.387610E-01   0.544502E+03
   0.395440E-01   0.534014E+03
   0.403429E-01   0.523726E+03
   0.411579E-01   0.513653E+03
   0.419893E-01   0.503811E+03
   0.428375E-01   0.494211E+03
   0.437029E-01   0.484866E+03
   0.445858E-01   0.475793E+03
   0.454865E-01   0.467023E+03
   0.464053E-01   0.458589E+03
   0.473428E-01   0.450519E+03
   0.482992E-01   0.442839E+03
   0.492749E-01   0.435545E+03
   0.502703E-01   0.428601E+03
   0.512858E-01   0.421970E+03
   0.523219E-01   0.415617E+03
   0.533789E-01   0.409512E+03
   0.544572E-01   0.403640E+03
   0.555573E-01   0.397986E+03
   0.566796E-01   0.392539E+03
   0.578246E-01   0.387277E+03
   0.589927E-01   0.382149E+03
   0.601845E-01   0.377101E+03
   0.614003E-01   0.372081E+03
   0.626407E-01   0.367037E+03
   0.639061E-01   0.361915E+03
   0.651971E-01   0.356666E+03
   0.665142E-01   0.351242E+03
   0.678578E-01   0.345592E+03
   0.692287E-01   0.339669E+03
   0.706272E-01   0.333431E+03
   0.720539E-01   0.326850E+03
   0.735095E-01   0.319912E+03
   0.749945E-01   0.312603E+03
   0.765095E-01   0.304935E+03
   0.780551E-01   0.296931E+03
   0.796319E-01   0.288618E+03
   0.812406E-01   0.280049E+03
   0.828817E-01   0.271281E+03
   0.845561E-01   0.262377E+03
   0.862642E-01   0.253413E+03
   0.880068E-01   0.244462E+03
   0.897847E-01   0.235605E+03
   0.915985E-01   0.226924E+03
   0.934489E-01   0.218501E+03
   0.953367E-01   0.210425E+03
   0.972626E-01   0.202775E+03
   0.992274E-01   0.195619E+03
   0.101232E+00   0.189013E+03
   0.103277E+00   0.183003E+03
   0.105363E+00   0.177600E+03
   0.107492E+00   0.172786E+03
   0.109663E+00   0.168535E+03
   0.111879E+00   0.164774E+03
   0.114139E+00   0.161424E+03
   0.116445E+00   0.158391E+03
   0.118797E+00   0.155567E+03
   0.121197E+00   0.152846E+03
   0.123645E+00   0.150120E+03
   0.126143E+00   0.147284E+03
   0.128691E+00   0.144243E+03
   0.131291E+00   0.140915E+03
   0.133943E+00   0.137248E+03
   0.136649E+00   0.133215E+03
   0.139409E+00   0.128835E+03
   0.142226E+00   0.124154E+03
   0.145099E+00   0.119257E+03
   0.148030E+00   0.114243E+03
   0.151020E+00   0.109232E+03
   0.154071E+00   0.104345E+03
   0.157184E+00   0.997043E+02
   0.160359E+00   0.954193E+02
   0.163598E+00   0.915762E+02
   0.166903E+00   0.882161E+02
   0.170275E+00   0.853396E+02
   0.173715E+00   0.828939E+02
   0.177224E+00   0.807970E+02
   0.180804E+00   0.789432E+02
   0.184457E+00   0.772163E+02
   0.188183E+00   0.754973E+02
   0.191985E+00   0.736709E+02
   0.195863E+00   0.716444E+02
   0.199820E+00   0.693674E+02
   0.203856E+00   0.668429E+02
   0.207974E+00   0.641284E+02
   0.212176E+00   0.613166E+02
   0.216462E+00   0.585165E+02
   0.220835E+00   0.558377E+02
   0.225296E+00   0.533761E+02
   0.229847E+00   0.511949E+02
   0.234490E+00   0.493126E+02
   0.239227E+00   0.477025E+02
   0.244060E+00   0.463029E+02
   0.248990E+00   0.450269E+02
   0.254020E+00   0.437738E+02
   0.259152E+00   0.424505E+02
   0.264387E+00   0.410030E+02
   0.269728E+00   0.394331E+02
   0.275177E+00   0.377852E+02
   0.280736E+00   0.361222E+02
   0.286407E+00   0.345146E+02
   0.292193E+00   0.330304E+02
   0.298096E+00   0.317128E+02
   0.304118E+00   0.305582E+02
   0.310261E+00   0.295248E+02
   0.316529E+00   0.285566E+02
   0.322923E+00   0.275982E+02
   0.329447E+00   0.266045E+02
   0.336102E+00   0.255612E+02
   0.342892E+00   0.244925E+02
   0.349819E+00   0.234414E+02
   0.356885E+00   0.224470E+02
   0.364095E+00   0.215350E+02
   0.371450E+00   0.207090E+02
   0.378954E+00   0.199467E+02
   0.386609E+00   0.192156E+02
   0.394419E+00   0.184892E+02
   0.402387E+00   0.177538E+02
   0.410516E+00   0.170177E+02
   0.418809E+00   0.163036E+02
   0.427269E+00   0.156279E+02
   0.435901E+00   0.149990E+02
   0.444706E+00   0.144122E+02
   0.453690E+00   0.138501E+02
   0.462855E+00   0.133008E+02
   0.472206E+00   0.127589E+02
   0.481745E+00   0.122284E+02
   0.491477E+00   0.117207E+02
   0.501405E+00   0.112395E+02
   0.511534E+00   0.107846E+02
   0.521868E+00   0.103494E+02
   0.532411E+00   0.992703E+01
   0.543166E+00   0.951679E+01
   0.554139E+00   0.912027E+01
   0.565333E+00   0.874180E+01
   0.576753E+00   0.838079E+01
   0.588404E+00   0.803575E+01
   0.600291E+00   0.770297E+01
   0.612418E+00   0.738212E+01
   0.624789E+00   0.707328E+01
   0.637411E+00   0.677795E+01
   0.650288E+00   0.649499E+01
   0.663424E+00   0.622363E+01
   0.676826E+00   0.596325E+01
   0.690499E+00   0.571329E+01
   0.704448E+00   0.547337E+01
   0.718679E+00   0.524316E+01
   0.733197E+00   0.502236E+01
   0.748009E+00   0.481063E+01
   0.763119E+00   0.460765E+01
   0.778536E+00   0.441306E+01
   0.794263E+00   0.422654E+01
   0.810308E+00   0.404775E+01
   0.826677E+00   0.387638E+01
   0.843378E+00   0.371210E+01
   0.860415E+00   0.355464E+01
   0.877797E+00   0.340373E+01
   0.895529E+00   0.325912E+01
   0.913620E+00   0.312056E+01
   0.932076E+00   0.298781E+01
   0.950906E+00   0.286064E+01
   0.970115E+00   0.273883E+01
   0.989713E+00   0.262218E+01
   0.100971E+01   0.251046E+01
   0.103010E+01   0.240348E+01
