0.0427
0.0661
0.0895
0.1130
0.1364
0.1599
0.1833
0.2067
0.2302
0.2536
0.2770
0.3005
0.3239
0.3474
0.3708
0.3942
0.4177
0.4411
0.4645
0.4880
0.5114
0.5349
0.5583
0.5817
0.6052
0.6286
0.6520
0.6755
0.6989
0.7224
0.7458
0.7692
0.7927
0.8161
0.8395
0.8630
0.8864
0.9099
0.9333
0.9567
0.9802
1.0036
1.0270
1.0505
1.0739
1.0974
1.1208
1.1442
1.1677
1.1911
1.2145
1.2380
1.2614
1.2849
1.3083
1.3317
1.3552
1.3786
1.4020
1.4255
1.4489
1.4724
1.4958
1.5192
1.5427
1.5661
1.5895
1.6130
1.6364
1.6599
1.6833
1.7067
1.7302
1.7536
1.7770
1.8005
1.8239
1.8474
1.8708
1.8942
1.9177
1.9411
1.9645
1.9880
2.0114
2.0349
2.0583
2.0817
2.1052
2.1286
2.1520
2.1755
2.1989
2.2224
2.2458
2.2692
2.2927
2.3161
2.3395
2.3630
2.3864
2.4099
2.4333
2.4567
2.4802
2.5036
2.5270
2.5505
2.5739
2.5974
2.6208
2.6442
2.6677
2.6911
2.7145
2.7380
2.7614
2.7849
2.8083
2.8317
2.8552
2.8786
2.9020
2.9255
2.9489
2.9724
2.9958
3.0192
3.0427
3.0661
3.0895
3.1130
