1.000000000000000048e-04 5.586355269876331704e+02 1.206318896812660739e+02 3.256860940628100387e+00
1.020200000000000024e-04 5.694886390618199812e+02 1.229755132915849174e+02 3.320134889844860382e+00
1.040809999999999950e-04 5.805519620580929541e+02 1.253645298977081666e+02 3.384634374569542192e+00
1.061839999999999984e-04 5.918332815661408404e+02 1.278006207216652683e+02 3.450404785002540109e+00
1.083289999999999991e-04 6.033287047910630463e+02 1.302829451523195985e+02 3.517423426031452305e+00
1.105169999999999991e-04 6.150499101174081034e+02 1.328140250227467902e+02 3.585758382959919555e+00
1.127500000000000030e-04 6.269968975451256483e+02 1.353938603328385568e+02 3.655409655777345446e+00
1.150269999999999949e-04 6.391774526639036367e+02 1.380241323046204798e+02 3.726422634683588697e+00
1.173509999999999950e-04 6.515954682685453463e+02 1.407056815490178678e+02 3.798820014770006637e+00
1.197220000000000033e-04 6.642509443590008686e+02 1.434385080659222922e+02 3.872601796026079679e+00
1.221399999999999927e-04 6.771555593198080487e+02 1.462251336883869044e+02 3.947836063752936830e+00
1.246080000000000104e-04 6.903093131508957185e+02 1.490655584162571756e+02 4.024522817935232588e+00
1.271249999999999865e-04 7.037160986470728403e+02 1.519606228604712612e+02 4.102684753665783113e+00
1.296930000000000066e-04 7.173875941928557722e+02 1.549128488540345927e+02 4.182389956241373774e+00
1.323130000000000053e-04 7.313199069933082228e+02 1.579213957857349442e+02 4.263615730541983950e+00
1.349859999999999981e-04 7.455247154329431396e+02 1.609887854885699028e+02 4.346430161863766628e+00
1.377130000000000010e-04 7.600059123065418589e+02 1.641158585734176825e+02 4.430855945293578735e+00
1.404950000000000025e-04 7.747634976140176377e+02 1.673026150400918937e+02 4.516893080812411476e+00
1.433329999999999912e-04 7.898130425347311530e+02 1.705524173326112418e+02 4.604632348817651710e+00
1.462280000000000101e-04 8.051506542737223526e+02 1.738644248397125693e+02 4.694051054184131822e+00
1.491820000000000093e-04 8.207880112154700782e+02 1.772411593943194532e+02 4.785217282200783906e+00
1.521960000000000045e-04 8.367251133598641673e+02 1.806826209961958511e+02 4.878131032844247983e+00
1.552710000000000114e-04 8.529736390913772084e+02 1.841913314782519251e+02 4.972860391401453306e+00
1.584070000000000031e-04 8.695374812047576825e+02 1.877681314512946358e+02 5.069428052952431152e+00
1.616069999999999996e-04 8.864244252895836098e+02 1.914147021371136930e+02 5.167879407673718006e+00
1.648719999999999895e-04 9.036344713457174294e+02 1.951310435354116919e+02 5.268214455536080365e+00
1.682029999999999886e-04 9.211792977575994428e+02 1.989196774790306392e+02 5.370501281819812789e+00
1.716010000000000126e-04 9.390666901147994849e+02 2.027822851897415148e+02 5.474785276700230519e+00
1.750669999999999961e-04 9.572966484171545289e+02 2.067188666671922306e+02 5.581066440142104845e+00
1.786040000000000132e-04 9.758847438439169082e+02 2.107327843551700823e+02 5.689435552519383599e+00
1.822120000000000098e-04 9.948270836000522195e+02 2.148231976422497382e+02 5.799869918691711312e+00
1.858929999999999903e-04 1.014139238864800745e+03 2.189934689721911241e+02 5.912460319029949396e+00
1.896479999999999976e-04 1.033825102432817403e+03 2.232444389555990085e+02 6.027229448594058958e+00
1.934790000000000088e-04 1.053892459893592786e+03 2.275777888140766265e+02 6.144222697542376821e+00
1.973880000000000014e-04 1.074349096836605668e+03 2.319951997691951533e+02 6.263485456029438403e+00
2.013750000000000023e-04 1.095202798851343687e+03 2.364983530425509173e+02 6.385063114213366475e+00
2.054430000000000047e-04 1.116457458732380701e+03 2.410880892445746326e+02 6.508978367136854182e+00
2.095940000000000129e-04 1.138124754864007627e+03 2.457669302077837585e+02 6.635299300047932114e+00
2.138279999999999998e-04 1.160208580040806282e+03 2.505357165426271706e+02 6.764048607991638207e+00
2.181469999999999969e-04 1.182724505441892234e+03 2.553978106925959253e+02 6.895317071312104140e+00
2.225539999999999973e-04 1.205672531066905321e+03 2.603532126569127172e+02 7.029104689932776928e+00
2.270499999999999895e-04 1.229064335300075300e+03 2.654044442679649478e+02 7.165479549089595501e+00
2.316370000000000050e-04 1.252907703730734283e+03 2.705531867470122052e+02 7.304487038906533058e+00
2.363160000000000054e-04 1.277214314743069053e+03 2.758019619263471327e+02 7.446195244610190223e+00
2.410900000000000109e-04 1.301988061131486347e+03 2.811516104160417058e+02 7.590626861208049192e+00
2.459599999999999829e-04 1.327240621280121786e+03 2.866046540482808496e+02 7.737849973915503554e+00
2.509289999999999958e-04 1.352983673573045280e+03 2.921636146551044817e+02 7.887932667933749364e+00
2.559980000000000111e-04 1.379221110804619002e+03 2.978293328464891374e+02 8.040897638261277791e+00
2.611700000000000219e-04 1.405968504153706590e+03 3.036051710653823079e+02 8.196835665189157183e+00
2.664459999999999897e-04 1.433229746414610645e+03 3.094919699216277991e+02 8.355769443701092314e+00
2.718280000000000002e-04 1.461016515971291483e+03 3.154922512470336073e+02 8.517767058976746242e+00
2.773189999999999922e-04 1.489340491207647574e+03 3.216085368732723282e+02 8.682896596180528448e+00
2.829220000000000129e-04 1.518209457712678386e+03 3.278425080208845657e+02 8.851203445366614631e+00
2.886370000000000081e-04 1.547635093870276478e+03 3.341966865215316034e+02 9.022755691699368086e+00
2.944679999999999867e-04 1.577625185269330132e+03 3.406727535955152462e+02 9.197598725208004922e+00
3.004169999999999801e-04 1.608195303088443097e+03 3.472740716852210880e+02 9.375823326128370994e+00
3.064850000000000040e-04 1.639357125711345589e+03 3.540031626219588929e+02 9.557497579589735892e+00
3.126769999999999745e-04 1.671114545931883413e+03 3.608608670145913493e+02 9.742644180480365179e+00
3.189930000000000001e-04 1.703487027723418350e+03 3.678513879163336355e+02 9.931376604118348439e+00
3.254369999999999811e-04 1.736478463879713445e+03 3.749755659358631874e+02 1.012371754537203827e+01
3.320120000000000189e-04 1.770108318373904467e+03 3.822376041259132080e+02 1.031978047951282740e+01
3.387190000000000209e-04 1.804380483999727858e+03 3.896383430951042328e+02 1.051958810140436462e+01
3.455609999999999802e-04 1.839310531935334666e+03 3.971811452848489807e+02 1.072323119118592416e+01
3.525420000000000138e-04 1.874914033358757024e+03 4.048693731363007373e+02 1.093080052897202670e+01
3.596639999999999907e-04 1.911202666653172628e+03 4.127055484795784537e+02 1.114236419977482484e+01
3.669300000000000122e-04 1.948184217406786274e+03 4.206913525335097574e+02 1.135796759347925011e+01
3.743420000000000016e-04 1.985874256797458202e+03 4.288301477388794751e+02 1.157770149016263517e+01
3.819040000000000217e-04 2.024288356002863338e+03 4.371252965360698681e+02 1.180165666986285800e+01
3.896190000000000113e-04 2.063438193405767834e+03 4.455793207543144376e+02 1.202990121750485741e+01
3.974900000000000178e-04 2.103335447388833927e+03 4.541947422226180606e+02 1.226250321799141574e+01
4.055199999999999799e-04 2.143995689129456878e+03 4.629749233807628457e+02 1.249955345130069873e+01
4.137119999999999990e-04 2.185434489804911664e+03 4.719232266682699901e+02 1.274114269738673144e+01
4.220699999999999756e-04 2.227667420592288181e+03 4.810430145242625031e+02 1.298736173616329204e+01
4.305959999999999952e-04 2.270702267078968816e+03 4.903359681657934175e+02 1.323825595733955929e+01
4.392949999999999741e-04 2.314562386031389906e+03 4.998071312532771913e+02 1.349396153095801409e+01
4.481689999999999979e-04 2.359255563036644617e+03 5.094581850031437966e+02 1.375452384666513872e+01
4.572220000000000212e-04 2.404797369271232128e+03 5.192924918532397669e+02 1.402003368425130425e+01
4.664590000000000142e-04 2.451211161501082643e+03 5.293150954628858926e+02 1.429062721364785205e+01
4.758820000000000086e-04 2.498504725312789105e+03 5.395276770474364412e+02 1.456634982439934767e+01
4.854959999999999744e-04 2.546697524677062574e+03 5.499344396543890525e+02 1.484731499125830467e+01
4.953029999999999976e-04 2.595805130769795142e+03 5.605387457202834867e+02 1.513361349388386579e+01
5.053090000000000099e-04 2.645847007561190367e+03 5.713447982915223520e+02 1.542535880692255468e+01
5.155169999999999501e-04 2.696834833431784318e+03 5.823551191925278090e+02 1.572261901482502289e+01
5.259309999999999896e-04 2.748788072351462688e+03 5.935739114690223914e+02 1.602550759216851972e+01
5.365559999999999904e-04 2.801722295494932041e+03 6.050045375549851769e+02 1.633411531836181751e+01
5.473949999999999996e-04 2.855656966831636964e+03 6.166512004951861172e+02 1.664855566788826380e+01
5.584529999999999876e-04 2.910611550330549107e+03 6.285181033333711866e+02 1.696894211513243178e+01
5.697340000000000173e-04 2.966597724370773449e+03 6.406077678908765165e+02 1.729534274424093709e+01
5.812439999999999664e-04 3.023642738510186064e+03 6.529260784317906428e+02 1.762791641963139710e+01
5.929859999999999905e-04 3.081758271127333046e+03 6.654755567762384771e+02 1.796673122532997624e+01
6.049649999999999516e-04 3.140963786189836810e+03 6.782604059650620911e+02 1.831190063543515478e+01
6.171860000000000367e-04 3.201278747664930961e+03 6.912848290382587493e+02 1.866353812396141620e+01
6.296539999999999993e-04 3.262726512314250613e+03 7.045538696458925187e+02 1.902177985992896581e+01
6.423740000000000266e-04 3.325322651309360481e+03 7.180708902151654911e+02 1.938671662207654478e+01
6.553499999999999647e-04 3.389086628616322287e+03 7.318400937835521063e+02 1.975846188416967308e+01
6.685890000000000322e-04 3.454037908200305992e+03 7.458656833866033367e+02 2.013712911978643660e+01
6.820959999999999827e-04 3.520199846821038591e+03 7.601527026702592593e+02 2.052285449753864910e+01
6.958749999999999875e-04 3.587591908443043849e+03 7.747053546686815935e+02 2.091575149086684604e+01
7.099330000000000484e-04 3.656233557029823260e+03 7.895278424138208493e+02 2.131593357299073688e+01
7.242740000000000115e-04 3.726144256544735981e+03 8.046243689373196730e+02 2.172351421710247266e+01
7.389060000000000029e-04 3.797351256539440783e+03 8.200008184898563286e+02 2.213865228629681425e+01
7.538319999999999613e-04 3.869870128181348718e+03 8.356605534896807512e+02 2.256143855843036761e+01
7.690610000000000284e-04 3.943712549841313830e+03 8.516060957403411749e+02 2.299194111589568124e+01
7.845970000000000505e-04 4.018921342248675501e+03 8.678466919329048324e+02 2.343040960182612764e+01
8.004470000000000291e-04 4.095531540541766844e+03 8.843899075335795033e+02 2.387704826887875598e+01
8.166169999999999506e-04 4.173504216757291942e+03 9.012273364002006701e+02 2.433163016289378433e+01
8.331140000000000333e-04 4.252917226774481605e+03 9.183757907149687298e+02 2.479460918212042841e+01
8.499440000000000467e-04 4.333809498523843104e+03 9.358436765493447638e+02 2.526621227374366541e+01
8.671139999999999924e-04 4.416142104039090555e+03 9.536225877547140044e+02 2.574621248297109943e+01
8.846309999999999807e-04 4.499953971248489324e+03 9.717209303977036825e+02 2.623483675651343816e+01
9.025009999999999977e-04 4.585284028079357086e+03 9.901471105428936426e+02 2.673231204087938195e+01
9.207329999999999681e-04 4.672171202456972424e+03 1.008909534250474621e+03 2.723886528214489289e+01
9.393329999999999865e-04 4.760615494358436990e+03 1.028008201471063558e+03 2.775449647544031251e+01
9.583089999999999621e-04 4.850655831706613753e+03 1.047451518259640352e+03 2.827943256633088964e+01
9.776679999999998965e-04 4.942292214475641231e+03 1.067239484560429901e+03 2.881367354931414937e+01
9.974179999999999158e-04 5.035563570585411071e+03 1.087380506422010512e+03 2.935744636932313867e+01
1.017569999999999976e-03 5.130469900005755335e+03 1.107874583779321938e+03 2.991075101994480434e+01
1.038120000000000015e-03 5.227089058604530692e+03 1.128738528790038799e+03 3.047404139700581638e+01
1.059100000000000102e-03 5.325421046340933572e+03 1.149972341366178625e+03 3.104731749183332212e+01
1.080489999999999923e-03 5.425465863190038363e+03 1.171576021453982094e+03 3.163057929912751121e+01
1.102319999999999949e-03 5.527262437054891052e+03 1.193557975065704113e+03 3.222405376023798595e+01
1.124589999999999965e-03 5.630849695846904069e+03 1.215926608231617365e+03 3.282796781829013355e+01
1.147299999999999969e-03 5.736266567475659940e+03 1.238690326978063922e+03 3.344254841602416661e+01
1.170480000000000001e-03 5.843474123942103688e+03 1.261840725085766053e+03 3.406756859168083196e+01
1.194130000000000061e-03 5.952550221097775648e+03 1.285394614677215941e+03 3.470348223761779849e+01
1.218249999999999932e-03 6.063494858898070561e+03 1.309351995656230201e+03 3.535028934435143100e+01
1.242859999999999928e-03 6.176346965233689843e+03 1.333721274008430328e+03 3.600821685061048072e+01
1.267969999999999991e-03 6.291145467996477237e+03 1.358510855721892995e+03 3.667749169535635190e+01
1.293579999999999904e-03 6.407851439186878451e+03 1.383712334576273861e+03 3.735788691672548367e+01
1.319709999999999980e-03 6.526581662578862051e+03 1.409350928748103343e+03 3.805008335254917284e+01
1.346369999999999945e-03 6.647297210161038493e+03 1.435418231991495077e+03 3.875385403844195054e+01
1.373569999999999956e-03 6.769998081865273889e+03 1.461914244159539066e+03 3.946919895991599248e+01
1.401319999999999953e-03 6.894801061458682852e+03 1.488864183413972341e+03 4.019679895334961373e+01
1.429630000000000093e-03 7.021667220918698149e+03 1.516259643484821936e+03 4.093642705197871123e+01
1.458510000000000102e-03 7.150596560165212395e+03 1.544100624199354343e+03 4.168808323877606625e+01
1.487969999999999918e-03 7.281705862951881500e+03 1.572412343690276657e+03 4.245244834725033911e+01
1.518030000000000074e-03 7.414917273290321646e+03 1.601177989540020917e+03 4.322906845594665981e+01
1.548700000000000077e-03 7.550308646977598983e+03 1.630414373753608288e+03 4.401839744564872348e+01
1.579979999999999926e-03 7.687879983921226085e+03 1.660121496131588628e+03 4.482043529668646897e+01
1.611900000000000095e-03 7.827709139892237545e+03 1.690316168622863415e+03 4.563563588431036777e+01
1.644459999999999932e-03 7.969757186841154180e+03 1.720989984899414367e+03 4.646377223603707307e+01
1.677679999999999970e-03 8.114024124642868628e+03 1.752142944691458979e+03 4.730484432526863259e+01
1.711580000000000089e-03 8.260626737000391586e+03 1.783800266022505639e+03 4.815953297474730732e+01
1.746149999999999916e-03 8.409526095854849700e+03 1.815953542544305947e+03 4.902761120999648625e+01
1.781430000000000079e-03 8.560722201041562585e+03 1.848602773901721093e+03 4.990907899600653508e+01
1.817409999999999989e-03 8.714292908323133815e+03 1.881764772025474940e+03 5.080439020622078772e+01
1.854130000000000058e-03 8.870238217516489385e+03 1.915439536520768570e+03 5.171354480173032186e+01
1.891579999999999911e-03 9.028558128479267907e+03 1.949627067080624329e+03 5.263654275225651702e+01
1.929799999999999962e-03 9.189291568953292881e+03 1.984335769369621403e+03 5.357361096487925067e+01
1.968779999999999836e-03 9.352438538779431838e+03 2.019565643044603121e+03 5.452474940576137641e+01
2.008550000000000006e-03 9.518037965689320117e+03 2.055325093748195741e+03 5.549018497981392528e+01
2.049130000000000135e-03 9.686128777413288844e+03 2.091622527120172890e+03 5.647014459166155120e+01
2.090519999999999792e-03 9.856672045807927134e+03 2.128449536629985232e+03 5.746440124885674550e+01
2.132760000000000038e-03 1.002970669855540837e+04 2.165814527813590757e+03 5.847318184578705313e+01
2.175840000000000066e-03 1.020527166338918505e+04 2.203725906317508816e+03 5.949671328774508794e+01
2.219790000000000131e-03 1.038340586797718970e+04 2.242192077646992857e+03 6.053522246609668400e+01
2.264640000000000056e-03 1.056403145614284767e+04 2.281196228978627460e+03 6.158825541937252268e+01
2.310389999999999840e-03 1.074722628350954074e+04 2.320755171942924335e+03 6.265626599143481457e+01
2.357059999999999798e-03 1.093299034977176416e+04 2.360868905881080082e+03 6.373925411732370350e+01
2.404669999999999811e-03 1.112136258254947279e+04 2.401545836194877666e+03 6.483744667820715790e+01
2.453250000000000135e-03 1.131230405354450704e+04 2.442777556020050270e+03 6.595061664872895335e+01
2.502809999999999844e-03 1.150581476241629025e+04 2.484564064622189107e+03 6.707876395648372636e+01
2.553370000000000119e-03 1.170197256467118859e+04 2.526922173379432479e+03 6.822234242044626740e+01
2.604949999999999974e-03 1.190073853197213612e+04 2.569843475343621776e+03 6.938112500699580210e+01
2.657580000000000098e-03 1.210211266388300282e+04 2.613327969574288545e+03 7.055511162340557973e+01
2.711260000000000059e-03 1.230609496000540639e+04 2.657375655212360016e+03 7.174430218497684564e+01
2.766030000000000051e-03 1.251272434777804483e+04 2.701994937268754711e+03 7.294892353434349275e+01
2.821909999999999957e-03 1.272196189877496909e+04 2.747177408603630738e+03 7.416874861898202198e+01
2.878920000000000090e-03 1.293380761248569615e+04 2.792923068116193917e+03 7.540377733035748520e+01
2.937079999999999899e-03 1.314826148837399887e+04 2.839231914650121325e+03 7.665400955447401543e+01
2.996410000000000132e-03 1.336536245381456138e+04 2.886112353078293836e+03 7.791967212034262502e+01
3.056940000000000178e-03 1.358503265231434852e+04 2.933547569894886237e+03 7.920031099922394446e+01
3.118699999999999858e-03 1.380731101116147511e+04 2.981545969786122441e+03 8.049615300173117305e+01
3.181699999999999980e-03 1.403215860179012816e+04 3.030099145310550739e+03 8.180697104559888544e+01
3.245969999999999932e-03 1.425957542348667630e+04 3.079207094929303821e+03 8.313276497912259799e+01
3.311549999999999910e-03 1.448952254753470334e+04 3.128861410876177615e+03 8.447330768801673173e+01
3.378439999999999915e-03 1.472203890116946059e+04 3.179070497723387234e+03 8.582882597165686889e+01
3.446690000000000084e-03 1.495704662763321721e+04 3.229817541394315867e+03 8.719886574502780263e+01
3.516319999999999862e-03 1.519454572608783565e+04 3.281102540081622010e+03 8.858342682993956885e+01
3.587350000000000001e-03 1.543449726772204122e+04 3.332917085814542588e+03 8.998228209194397209e+01
3.659819999999999827e-03 1.567690125154660200e+04 3.385261176459905528e+03 9.139543132073866616e+01
3.733760000000000030e-03 1.592171874862383811e+04 3.438126403774363098e+03 9.282264735499830977e+01
3.809180000000000118e-03 1.616891083004443863e+04 3.491504359575760645e+03 9.426370303944780460e+01
3.886129999999999793e-03 1.641839963877109767e+04 3.545378229184651900e+03 9.571814422962088997e+01
3.964640000000000178e-03 1.667018517364791114e+04 3.599748010108403832e+03 9.718597067978178927e+01
4.044729999999999853e-03 1.692426743350423203e+04 3.654613699822656599e+03 9.866718214104133722e+01
4.126440000000000316e-03 1.718052963324350640e+04 3.709950077298840824e+03 1.001610974943864250e+02
4.209799999999999653e-03 1.743893284361103360e+04 3.765748733610002546e+03 1.016674895111073198e+02
4.294840000000000289e-03 1.769947706321759324e+04 3.822009665760429016e+03 1.031863578958456600e+02
4.381600000000000251e-03 1.796204550678184751e+04 3.878707652323090770e+03 1.047170214903052141e+02
4.470120000000000170e-03 1.822659924480620975e+04 3.935834283847284496e+03 1.062592530141400857e+02
4.560419999999999925e-03 1.849309934782238270e+04 3.993381150945451736e+03 1.078128251932274679e+02
4.652550000000000088e-03 1.876146795821305204e+04 4.051331437687364087e+03 1.093772837597900320e+02
4.746529999999999673e-03 1.903158829052325382e+04 4.109659922271629512e+03 1.109519475186295239e+02
4.842420000000000058e-03 1.930346034276676073e+04 4.168366600415112771e+03 1.125368160474608175e+02
4.940240000000000256e-03 1.957692840141342458e+04 4.227417843932948927e+03 1.141309811731401993e+02
5.040039999999999971e-03 1.985195353644040370e+04 4.286805242241770429e+03 1.157342155036382252e+02
5.141859999999999833e-03 2.012845788987065680e+04 4.346511978635655396e+03 1.173460646947153947e+02
5.245729999999999664e-03 2.040632467578620344e+04 4.406512830314714847e+03 1.189658474527253276e+02
5.351700000000000033e-03 2.068547603596491899e+04 4.466790980044529533e+03 1.205931093813257604e+02
5.459809999999999837e-03 2.096575625632335505e+04 4.527312798447111163e+03 1.222269421897273673e+02
5.570109999999999645e-03 2.124716533425952730e+04 4.588078279911504069e+03 1.238673453247467222e+02
5.682630000000000146e-03 2.152946969973924934e+04 4.649036982723327128e+03 1.255129565821562636e+02
5.797430000000000118e-03 2.181266934986801425e+04 4.710188900640853717e+03 1.271637753465796123e+02
5.914550000000000189e-03 2.209656964223718751e+04 4.771491997363549672e+03 1.288186662961352340e+02
6.034030000000000123e-03 2.238105379015279323e+04 4.832921048418150349e+03 1.304769479722205006e+02
6.155919999999999621e-03 2.266600500672370617e+04 4.894450828906326024e+03 1.321379388742911090e+02
6.280280000000000064e-03 2.295126757694362095e+04 4.956047707459993944e+03 1.338007305153689686e+02
6.407150000000000345e-03 2.323672471375781970e+04 5.017686458828030482e+03 1.354646413601485051e+02
6.536580000000000168e-03 2.352222070199929294e+04 5.079333451295859959e+03 1.371287628874856352e+02
6.668630000000000044e-03 2.380759982627593126e+04 5.140955052663454808e+03 1.387921865283912837e+02
6.803349999999999675e-03 2.409270637115538193e+04 5.202517630644031669e+03 1.404540037052959462e+02
6.940779999999999693e-03 2.437734569328755606e+04 5.263979146906936876e+03 1.421130788962080373e+02
7.080999999999999621e-03 2.466140100455299762e+04 5.325314373905002867e+03 1.437687303394465062e+02
7.224040000000000149e-03 2.494463873354738462e+04 5.386472866969291317e+03 1.454195955395042006e+02
7.369979999999999934e-03 2.522690316396374692e+04 5.447420991926989700e+03 1.470647657329117806e+02
7.518859999999999606e-03 2.550799965190708463e+04 5.508116709272388107e+03 1.487031052818022658e+02
7.670749999999999617e-03 2.578773355299627292e+04 5.568517978451452109e+03 1.503334784449674828e+02
7.825709999999999611e-03 2.606591022281352707e+04 5.628582758831107640e+03 1.519547494734247550e+02
7.983799999999999231e-03 2.634229608891966564e+04 5.688260603510866531e+03 1.535655556516748277e+02
8.145090000000000663e-03 2.661669650647128219e+04 5.747509470939856328e+03 1.551647611402390794e+02
8.309630000000000141e-03 2.688887790287020107e+04 5.806278913874702994e+03 1.567510031898222280e+02
8.477500000000000660e-03 2.715864563283041934e+04 5.864526889810098510e+03 1.583231458668724940e+02
8.648750000000000188e-03 2.742568826774865374e+04 5.922186139049098529e+03 1.598793724971053223e+02
8.823469999999999924e-03 2.768985008974489756e+04 5.979223024026801795e+03 1.614187739826484176e+02
9.001709999999999573e-03 2.795081966994559480e+04 6.035570284463440657e+03 1.629395335917585328e+02
9.183560000000000334e-03 2.820836343444699378e+04 6.091177470300270215e+03 1.644402882976196452e+02
9.369080000000000116e-03 2.846220888181834016e+04 6.145985726277296635e+03 1.659194482120069836e+02
9.558350000000000180e-03 2.871212243802213561e+04 6.199944602047449735e+03 1.673756502796861980e+02
9.751440000000000108e-03 2.895775374554059454e+04 6.252978429720377790e+03 1.688068506700293767e+02
9.948429999999999426e-03 2.919890815791799832e+04 6.305045164268522058e+03 1.702119132008669453e+02
1.014939999999999939e-02 2.943523531724157147e+04 6.356069136949773565e+03 1.715887939576091696e+02
1.035439999999999972e-02 2.966642379391494978e+04 6.405983085925751766e+03 1.729356760549298997e+02
1.056359999999999938e-02 2.989224001159828185e+04 6.454736555884604968e+03 1.742511959481773829e+02
1.077700000000000012e-02 3.011233361364473967e+04 6.502253880814179865e+03 1.755333099919263873e+02
1.099469999999999961e-02 3.032635424147584126e+04 6.548459390536944738e+03 1.767799741301471954e+02
1.121680000000000073e-02 3.053406831984238306e+04 6.593302632092955719e+03 1.779898250500864947e+02
1.144339999999999941e-02 3.073504763442630792e+04 6.636691123423636782e+03 1.791603648271853615e+02
1.167460000000000025e-02 3.092901968207025493e+04 6.678566005545829285e+03 1.802900032062889295e+02
1.191039999999999981e-02 3.111567303408546286e+04 6.718860018578357085e+03 1.813769234951365945e+02
1.215100000000000034e-02 3.129461840175277757e+04 6.757489081506260845e+03 1.824188542207147350e+02
1.239649999999999953e-02 3.146550542637406761e+04 6.794377523894072510e+03 1.834137513016538890e+02
1.264690000000000085e-02 3.162802267956662763e+04 6.829458086520638062e+03 1.843597981108383692e+02
1.290239999999999963e-02 3.178178087268836316e+04 6.862646688537229238e+03 1.852547231916992985e+02
1.316310000000000049e-02 3.192642964737279181e+04 6.893867660223622806e+03 1.860964825334811792e+02
1.342899999999999996e-02 3.206161864810982661e+04 6.923045338019121118e+03 1.868830327326707561e+02
1.370030000000000033e-02 3.218703644211939536e+04 6.950112453220143834e+03 1.876125562274245624e+02
1.397699999999999984e-02 3.230221589135406248e+04 6.974968126756172751e+03 1.882823290393642708e+02
1.425940000000000020e-02 3.240688448837101532e+04 6.997553490403109208e+03 1.888907600026165881e+02
1.454740000000000026e-02 3.250065295416074878e+04 7.017784484084055293e+03 1.894355797086215318e+02
1.484129999999999998e-02 3.258317092639200564e+04 7.035585429529296562e+03 1.899147433039797761e+02
1.514109999999999935e-02 3.265408805190296698e+04 7.050880668242100910e+03 1.903262078846459531e+02
1.544700000000000066e-02 3.271305397208874274e+04 7.063594529988354225e+03 1.906679293894839020e+02
1.575899999999999870e-02 3.275971833511885779e+04 7.073651359142229921e+03 1.909378651975985406e+02
1.607739999999999864e-02 3.279373078032652120e+04 7.080975481023451721e+03 1.911339708096040795e+02
1.640219999999999873e-02 3.281477988494360761e+04 7.085499648518491995e+03 1.912544307925253690e+02
1.673349999999999838e-02 3.282259315150664770e+04 7.087165014922868068e+03 1.912976561023574504e+02
1.707159999999999928e-02 3.281678129367286601e+04 7.085887504346627793e+03 1.912613757720615126e+02
1.741639999999999855e-02 3.279711075019887357e+04 7.081616694032500163e+03 1.911442294672289961e+02
1.776830000000000076e-02 3.276330901575331882e+04 7.074293720309918172e+03 1.909446264714759991e+02
1.812719999999999956e-02 3.271506467621803677e+04 7.063851354718323819e+03 1.906607531909943134e+02
1.849340000000000012e-02 3.265218308697015163e+04 7.050247556183217057e+03 1.902914738344511250e+02
1.886699999999999836e-02 3.257439175671494741e+04 7.033423491302791263e+03 1.898352006697042782e+02
1.924810000000000063e-02 3.248157390568829942e+04 7.013353950548211287e+03 1.892912537127157577e+02
1.963700000000000168e-02 3.237349596515387020e+04 6.989988495004848119e+03 1.886582710366894560e+02
2.003370000000000151e-02 3.225004116199720011e+04 6.963301929483252025e+03 1.879355740713757257e+02
2.043839999999999893e-02 3.211109271683715269e+04 6.933269045280732826e+03 1.871224829144323110e+02
2.085129999999999970e-02 3.195657277921933928e+04 6.899873041914383066e+03 1.862185448226098856e+02
2.127249999999999974e-02 3.178648135925688985e+04 6.863113941193292703e+03 1.852237619476039470e+02
2.170220000000000135e-02 3.160074060982122319e+04 6.822974949806431141e+03 1.841376822533568145e+02
2.214059999999999986e-02 3.139942839506239761e+04 6.779472897772580836e+03 1.829607613983994838e+02
2.258790000000000103e-02 3.118262258076384387e+04 6.732624618632677993e+03 1.816934553885825778e+02
2.304420000000000079e-02 3.095047889352168204e+04 6.682463768748503753e+03 1.803366751768448921e+02
2.350970000000000143e-02 3.070311413008923046e+04 6.629015594286655869e+03 1.788911043625224409e+02
2.398470000000000116e-02 3.044080079363559344e+04 6.572338954257515070e+03 1.773583332058758515e+02
2.446919999999999998e-02 3.016373354805821509e+04 6.512475931301488345e+03 1.757395015993135132e+02
2.496349999999999958e-02 2.987230168170796969e+04 6.449510605641327857e+03 1.740368809403834973e+02
2.546779999999999877e-02 2.956693341607799448e+04 6.383535474809851621e+03 1.722529706817957447e+02
2.598229999999999984e-02 2.924805697410920038e+04 6.314643039461861918e+03 1.703902705841282739e+02
2.650720000000000159e-02 2.891613950735750768e+04 6.242934207799862634e+03 1.684515075007746532e+02
2.704259999999999997e-02 2.857168710068531072e+04 6.168518305690359739e+03 1.664396363751393153e+02
2.758889999999999953e-02 2.821532260703860447e+04 6.091529843342204913e+03 1.643582896533644657e+02
2.814629999999999910e-02 2.784786352470920247e+04 6.012145373598440528e+03 1.622122357277794436e+02
2.871490000000000153e-02 2.747001057618820778e+04 5.930516248318968792e+03 1.600055638478080198e+02
2.929489999999999872e-02 2.708242555278935470e+04 5.846785406290950959e+03 1.577421356257079310e+02
2.988669999999999868e-02 2.668600379777362105e+04 5.761146189013707044e+03 1.554271710333948704e+02
3.049050000000000024e-02 2.628164066368316708e+04 5.673791958000320847e+03 1.530658920156935210e+02
3.110639999999999933e-02 2.587038721454302504e+04 5.584949698534043819e+03 1.506644282553552614e+02
3.173480000000000051e-02 2.545329449781372023e+04 5.494846360179038129e+03 1.482289059145077488e+02
3.237589999999999912e-02 2.503129678893323944e+04 5.403683699663599327e+03 1.457647728154812228e+02
3.302990000000000093e-02 2.460540621500955604e+04 5.311680276821536609e+03 1.432779297842337769e+02
3.369719999999999660e-02 2.417675167044316913e+04 5.219079834123324872e+03 1.407749549817025070e+02
3.437790000000000290e-02 2.374661776747403565e+04 5.126159751516693177e+03 1.382633356577618997e+02
3.507239999999999663e-02 2.331601661315841557e+04 5.033138545597258599e+03 1.357489683772604963e+02
3.578089999999999743e-02 2.288607710019118167e+04 4.940259955158001503e+03 1.332384309392929538e+02
3.650380000000000291e-02 2.245785025349900388e+04 4.847750881173234120e+03 1.307378447183355377e+02
3.724120000000000208e-02 2.203269851843500510e+04 4.755905466681796497e+03 1.282551460248518254e+02
3.799349999999999949e-02 2.161202324348524417e+04 4.665026207321973743e+03 1.257984928467213734e+02
3.876099999999999685e-02 2.119699221644389763e+04 4.575365177163636872e+03 1.233746829540613277e+02
3.954400000000000276e-02 2.078873429086095348e+04 4.487166030591089111e+03 1.209902858285965692e+02
4.034290000000000098e-02 2.038826152846966579e+04 4.400647186469768712e+03 1.186511884058698882e+02
4.115789999999999726e-02 1.999615780756155800e+04 4.315934648187719176e+03 1.163607862603549279e+02
4.198930000000000023e-02 1.961300699536252796e+04 4.233154395272275906e+03 1.141224726157002038e+02
4.283750000000000058e-02 1.923931509594846648e+04 4.152415579391025858e+03 1.119391852532640002e+02
4.370290000000000286e-02 1.887554918123523021e+04 4.073818937020645535e+03 1.098136341095577109e+02
4.458580000000000182e-02 1.852233202366889964e+04 3.997498804790822305e+03 1.077494345321845799e+02
4.548649999999999916e-02 1.818094811934134486e+04 3.923732312200085289e+03 1.057540490962112472e+02
4.640529999999999655e-02 1.785260409688628715e+04 3.852779751598083749e+03 1.038344840197167258e+02
4.734279999999999738e-02 1.753842870145857523e+04 3.784884543640023821e+03 1.019972857602190288e+02
4.829920000000000047e-02 1.723947283015677385e+04 3.720273313669252730e+03 1.002485485413807993e+02
4.927490000000000342e-02 1.695558067519675751e+04 3.658912230274297144e+03 9.858734418442743674e+01
5.027029999999999693e-02 1.668527297629821624e+04 3.600481865086123889e+03 9.700504895407733841e+01
5.128579999999999944e-02 1.642714833322632330e+04 3.544679610903024241e+03 9.549349390049172825e+01
5.232189999999999758e-02 1.617988320057741839e+04 3.491219670447097087e+03 9.404496375160243815e+01
5.337889999999999996e-02 1.594227082800288736e+04 3.439841488943586228e+03 9.265242647169863233e+01
5.445719999999999728e-02 1.571368833618746612e+04 3.390410499350182818e+03 9.131224405060507365e+01
5.555729999999999696e-02 1.549362961643776543e+04 3.342817324442998142e+03 9.002145652424229638e+01
5.667959999999999665e-02 1.528158856732944332e+04 3.296952602674446553e+03 8.877710547584703704e+01
5.782459999999999684e-02 1.507678661709046355e+04 3.252648184265252439e+03 8.757464920983349543e+01
5.899270000000000208e-02 1.487716072320948479e+04 3.209458844615217913e+03 8.640208885605551359e+01
6.018450000000000188e-02 1.468064786329936760e+04 3.166939402519677969e+03 8.524742982229692245e+01
6.140029999999999794e-02 1.448522398908844116e+04 3.124653182433948132e+03 8.409891427560967259e+01
6.264069999999999361e-02 1.428886507311507557e+04 3.082163553687109925e+03 8.294478880575239543e+01
6.390609999999999347e-02 1.408950821699474545e+04 3.039025602461279050e+03 8.177308516536447769e+01
6.519709999999999395e-02 1.388516840288117237e+04 2.994811280292168249e+03 8.057229424308835064e+01
6.651419999999999555e-02 1.367397743520261429e+04 2.949117839908021324e+03 7.933159594092487055e+01
6.785779999999999590e-02 1.345402825278024284e+04 2.901534262349606252e+03 7.803995644893230121e+01
6.922870000000000412e-02 1.322349167298323300e+04 2.851666389717657239e+03 7.668680066724895994e+01
7.062720000000000109e-02 1.298065536762327611e+04 2.799145434662915250e+03 7.526224933462096089e+01
7.205390000000000406e-02 1.272454656633335799e+04 2.743762168083438610e+03 7.376071969867984990e+01
7.350950000000000539e-02 1.245446499222132297e+04 2.685366198974591953e+03 7.217821719427804794e+01
7.499450000000000560e-02 1.216998287382757735e+04 2.623866000210458878e+03 7.051233797978345308e+01
7.650949999999999418e-02 1.187152873519417699e+04 2.559354721696912748e+03 6.876564576686303099e+01
7.805510000000000226e-02 1.155995924654045666e+04 2.492017848459406650e+03 6.694318770483774017e+01
7.963190000000000546e-02 1.123636460710733263e+04 2.422091218795732402e+03 6.505136442443424016e+01
8.124059999999999615e-02 1.090280800923964489e+04 2.350020380407179346e+03 6.310220665039521037e+01
8.288170000000000259e-02 1.056146938064875576e+04 2.276275994787745731e+03 6.110841565672428288e+01
8.455609999999999515e-02 1.021487885746578286e+04 2.201404069828609408e+03 5.908470488153651701e+01
8.626419999999999921e-02 9.865955730608151498e+03 2.126034405639400575e+03 5.704803078550777684e+01
8.800679999999999614e-02 9.517580266622242561e+03 2.050788188316921605e+03 5.501510241207699892e+01
8.978469999999999507e-02 9.172788312990453051e+03 1.976319946246259406e+03 5.300350883082840880e+01
9.159849999999999937e-02 8.834926961120298074e+03 1.903351069311111587e+03 5.103261658318948690e+01
9.344890000000000141e-02 8.507070741217907198e+03 1.832543963276903696e+03 4.912018965999450870e+01
9.533669999999999645e-02 8.192722128940264156e+03 1.764652936255493387e+03 4.728643292103583917e+01
9.726260000000000461e-02 7.894994269597584207e+03 1.700348125619883149e+03 4.554927096334432690e+01
9.922739999999999339e-02 7.616455310095171626e+03 1.640181967873479380e+03 4.392344961282482529e+01
1.012320000000000025e-01 7.359322994253156139e+03 1.584631133421831919e+03 4.242166125482521011e+01
1.032769999999999938e-01 7.125386858503304211e+03 1.534079825599853621e+03 4.105410188770296287e+01
1.053629999999999983e-01 6.915074282750178099e+03 1.488618727510631970e+03 3.982309257852429596e+01
1.074920000000000042e-01 6.727683993870480663e+03 1.448095300284519453e+03 3.872442755144290061e+01
1.096629999999999966e-01 6.562203521652487325e+03 1.412290244542469964e+03 3.775213350261493872e+01
1.118790000000000062e-01 6.415830219673044667e+03 1.380598678289222789e+03 3.688990560197570545e+01
1.141390000000000043e-01 6.285450431159160871e+03 1.352349361608511117e+03 3.611971105561345752e+01
1.164450000000000068e-01 6.167405745711168493e+03 1.326753881476142851e+03 3.542039022563168515e+01
1.187969999999999998e-01 6.057493285690144148e+03 1.302907269165748858e+03 3.476771728546264484e+01
1.211969999999999992e-01 5.951627071741392683e+03 1.279930021002018975e+03 3.413817151139924277e+01
1.236450000000000049e-01 5.845526942180284095e+03 1.256901588891376150e+03 3.350719433708816553e+01
1.261430000000000051e-01 5.735146417956852929e+03 1.232952109167747949e+03 3.285161319731563623e+01
1.286909999999999998e-01 5.616789615113330910e+03 1.207287898142393942e+03 3.215034955135585193e+01
1.312909999999999910e-01 5.487227783772934345e+03 1.179216142545843695e+03 3.138504785260371577e+01
1.339430000000000065e-01 5.344516501789426911e+03 1.148320795473637418e+03 3.054477922234498521e+01
1.366489999999999927e-01 5.187567422565749439e+03 1.114370012769885307e+03 2.962353560568164568e+01
1.394090000000000051e-01 5.017082081730151913e+03 1.077516899051777955e+03 2.862557812906949550e+01
1.422259999999999913e-01 4.834890113854907213e+03 1.038156586392170311e+03 2.756157740928442834e+01
1.450990000000000058e-01 4.644299534054223841e+03 9.970017384653073123e+02 2.645064119910339073e+01
1.480299999999999949e-01 4.449201490977092362e+03 9.548894167719550978e+02 2.531511511274415938e+01
1.510199999999999876e-01 4.254187029989533585e+03 9.128062544279440544e+02 2.418125910890606178e+01
1.540710000000000135e-01 4.063963381404207666e+03 8.717628118943530353e+02 2.307588736451895528e+01
1.571839999999999904e-01 3.883396760915627965e+03 8.328027799576700545e+02 2.202661367717740859e+01
1.603590000000000015e-01 3.716637103200638649e+03 7.968151626739731910e+02 2.105687492016203421e+01
1.635979999999999934e-01 3.567067438702184972e+03 7.645233131204862502e+02 2.018563256310767784e+01
1.669029999999999958e-01 3.436300570909080761e+03 7.362702511202850246e+02 1.942173296886763367e+01
1.702750000000000097e-01 3.324358277393702792e+03 7.120576168314289589e+02 1.876497926422774043e+01
1.737150000000000083e-01 3.229193167344250924e+03 6.914437226576902731e+02 1.820348180918159287e+01
1.772239999999999926e-01 3.147606871898857207e+03 6.737408394261805142e+02 1.771890615226965338e+01
1.808039999999999925e-01 3.075479702536326386e+03 6.580647567076331370e+02 1.728780833415002505e+01
1.844570000000000098e-01 3.008276448197900208e+03 6.434434881765295131e+02 1.688452862545647548e+01
1.881829999999999892e-01 2.941377118935484759e+03 6.288884130925645195e+02 1.648308984272176403e+01
1.919849999999999890e-01 2.870306279228298990e+03 6.134431359869030302e+02 1.605846405322384740e+01
1.958630000000000093e-01 2.791456500509035322e+03 5.963385308991283864e+02 1.559066504027112288e+01
1.998199999999999976e-01 2.702861737709961744e+03 5.771572432141992977e+02 1.506899217898223142e+01
2.038560000000000094e-01 2.604632624869815118e+03 5.559263348080910419e+02 1.449442490839847508e+01
2.079739999999999922e-01 2.499006313099202998e+03 5.331265562750496656e+02 1.387975612757264976e+01
2.121760000000000035e-01 2.389591883085102836e+03 5.095305937422236298e+02 1.324531974789570299e+01
2.164619999999999878e-01 2.280639159011060656e+03 4.860464555792576107e+02 1.261486384001071848e+01
2.208350000000000035e-01 2.176416379773565041e+03 4.635840924754065213e+02 1.201202959794304626e+01
2.252959999999999963e-01 2.080638912310617343e+03 4.429338843126226379e+02 1.145721674703199433e+01
2.298469999999999958e-01 1.995773561102569602e+03 4.246185844389929116e+02 1.096375768250028848e+01
2.344900000000000040e-01 1.922537601654899163e+03 4.087874756292395091e+02 1.053524352748334003e+01
2.392269999999999952e-01 1.859895428343762433e+03 3.952166942200952349e+02 1.016561480954296215e+01
2.440599999999999992e-01 1.805443833151635090e+03 3.833922173208761706e+02 9.841384623604387372e+00
2.489899999999999891e-01 1.755801098189816457e+03 3.725935202846755487e+02 9.543867725347723763e+00
2.540200000000000236e-01 1.707050251463631639e+03 3.619882790100139687e+02 9.251656779667930763e+00
2.591519999999999935e-01 1.655570791040070844e+03 3.508093853676492699e+02 8.945197180967440431e+00
2.643869999999999831e-01 1.599262257619189995e+03 3.386140119929143566e+02 8.613376158309398178e+00
2.697280000000000233e-01 1.538180587502835124e+03 3.254170224467729895e+02 8.256811068197370318e+00
2.751770000000000049e-01 1.474063474421828460e+03 3.115890270844915335e+02 7.885141557038717330e+00
2.807359999999999856e-01 1.409370370537711096e+03 2.976520314232801638e+02 7.511745427848961043e+00
2.864070000000000227e-01 1.346827767532310872e+03 2.841826758131804240e+02 7.151239582149497842e+00
2.921929999999999805e-01 1.289091163422848922e+03 2.717404818582118651e+02 6.817640962451125830e+00
2.980960000000000276e-01 1.237824982967636288e+03 2.606740418539544635e+02 6.519515818855255773e+00
3.041179999999999994e-01 1.192907252990984034e+03 2.509545064047454446e+02 6.255892711576742649e+00
3.102610000000000090e-01 1.152706128360724506e+03 2.422355625798641938e+02 6.017900483026951797e+00
3.165290000000000048e-01 1.115039300093408428e+03 2.340565128415112497e+02 5.793928920604978217e+00
3.229230000000000156e-01 1.077752678759879927e+03 2.259646316396418513e+02 5.572727181974868493e+00
3.294469999999999898e-01 1.039092801310546520e+03 2.175930602228898465e+02 5.345309662138799212e+00
3.361020000000000119e-01 9.985020310711815910e+02 2.088270509233159657e+02 5.109017576571293517e+00
3.428919999999999746e-01 9.569240864984964219e+02 1.998660648497505861e+02 4.868895750517715726e+00
3.498189999999999911e-01 9.160274578739655453e+02 1.910599071177326209e+02 4.633569471849150467e+00
3.568850000000000078e-01 8.773362025066323895e+02 1.827264217873306222e+02 4.410743916188183178e+00
3.640950000000000020e-01 8.418499733089849997e+02 1.750723913436032433e+02 4.205298390257705243e+00
3.714500000000000024e-01 8.097072657731409890e+02 1.681245376999942494e+02 4.017710876478524540e+00
3.789540000000000131e-01 7.800464420242618644e+02 1.617017668991205142e+02 3.843481731435880011e+00
3.866089999999999804e-01 7.515995604194449697e+02 1.555399728799952754e+02 3.676234220050692780e+00
3.944190000000000196e-01 7.233242145336724889e+02 1.494232711693687179e+02 3.510853323082316901e+00
4.023869999999999947e-01 6.947055769042088968e+02 1.432461339368159088e+02 3.344924553884800034e+00
4.105159999999999920e-01 6.660579791109337293e+02 1.370745284368822468e+02 3.180078841931726075e+00
4.188089999999999868e-01 6.382607984401170143e+02 1.310900426644291201e+02 3.020576771729230448e+00
4.272690000000000099e-01 6.119565440420168443e+02 1.254242648043444035e+02 2.869420626718833578e+00
4.359009999999999829e-01 5.874697512721253361e+02 1.201425143453791122e+02 2.728010633867128387e+00
4.447059999999999902e-01 5.646216840040592615e+02 1.152068413916912988e+02 2.595375411663184195e+00
4.536899999999999822e-01 5.427346511909263427e+02 1.104777775756649589e+02 2.468279721298407559e+00
4.628550000000000164e-01 5.213404791907801155e+02 1.058597525888334303e+02 2.344567231815707586e+00
4.722060000000000146e-01 5.002343112607024409e+02 1.013113582285952106e+02 2.223335516136369261e+00
4.817449999999999788e-01 4.795671349413108828e+02 9.686358814275590134e+01 2.105296891163016326e+00
4.914769999999999972e-01 4.597872391900681919e+02 9.260690654889461371e+01 1.992410749148158855e+00
5.014049999999999896e-01 4.410333864591485167e+02 8.856861198738394592e+01 1.885213180699911062e+00
5.115340000000000442e-01 4.233012297981261440e+02 8.474688916229889912e+01 1.783591602084971139e+00
5.218679999999999986e-01 4.063316263556246781e+02 8.108902059224513437e+01 1.686371020064509230e+00
5.324109999999999676e-01 3.898657372167810422e+02 7.754294093705659918e+01 1.592436369164611065e+00
5.431660000000000377e-01 3.738637873359562604e+02 7.410068150398311104e+01 1.501619122644368476e+00
5.541390000000000482e-01 3.583939766323969138e+02 7.077561062848857887e+01 1.414178057630047558e+00
5.653329999999999744e-01 3.436250283781444068e+02 6.760071849042356007e+01 1.330746140014006595e+00
5.767529999999999601e-01 3.295327031007885807e+02 6.457057121863148552e+01 1.251164068275855135e+00
5.884040000000000381e-01 3.160596433251604935e+02 6.167327961107279322e+01 1.175150385310116619e+00
6.002910000000000190e-01 3.030611663494343020e+02 5.888010967395415918e+01 1.102118048716881793e+00
6.124180000000000179e-01 2.905240416890495680e+02 5.618821467631962463e+01 1.031991682999730431e+00
6.247890000000000388e-01 2.784523486328978947e+02 5.359808422659178717e+01 9.647562937523633808e-01
6.374109999999999498e-01 2.669043074649799223e+02 5.112045581310965048e+01 9.005680014864829719e-01
6.502879999999999772e-01 2.558346706868623812e+02 4.874613636681113604e+01 8.392232463204902793e-01
6.634240000000000137e-01 2.452147645158014484e+02 4.646919216488361570e+01 7.805825990564669858e-01
6.768260000000000387e-01 2.350201388408978005e+02 4.428448891406981858e+01 7.245201731753317942e-01
6.904989999999999739e-01 2.252290755691225570e+02 4.218749564050137479e+01 6.709269855966834006e-01
7.044479999999999631e-01 2.158260129735719204e+02 4.017487151567821257e+01 6.197159727679848462e-01
7.186789999999999567e-01 2.067996045984029934e+02 3.824405716903315522e+01 5.708120328244131736e-01
7.331969999999999876e-01 1.981365999516179386e+02 3.639216381397090316e+01 5.241370603241831683e-01
7.480090000000000350e-01 1.898252678240971250e+02 3.461655803335224846e+01 4.796149984722595794e-01
7.631189999999999918e-01 1.818527601373643279e+02 3.291446332778019013e+01 4.371726543445790814e-01
7.785360000000000058e-01 1.742058115656079167e+02 3.128295975749360380e+01 3.967299432519535429e-01
7.942630000000000523e-01 1.668719817114452155e+02 2.971939433548589093e+01 3.582195114575287831e-01
8.103080000000000283e-01 1.598387976167177555e+02 2.822104485984561961e+01 3.215685033274875426e-01
8.266769999999999952e-01 1.530919082327802130e+02 2.678491499124046982e+01 2.867056140018812704e-01
8.433779999999999610e-01 1.466200129206933696e+02 2.540854435932169508e+01 2.535657116767409125e-01
8.604150000000000409e-01 1.404126132969861942e+02 2.408969104878373457e+01 2.220921381420496721e-01
8.777970000000000494e-01 1.344591825056057814e+02 2.282605279981487101e+01 1.922236761894906276e-01
8.955290000000000195e-01 1.287507534044613067e+02 2.161566876304773999e+01 1.639081124554703506e-01
9.136199999999999877e-01 1.232768188366503352e+02 2.045627898226961250e+01 1.370881430497971343e-01
9.320760000000000156e-01 1.180288019841799212e+02 1.934600914684476436e+01 1.117143427111695619e-01
9.509060000000000290e-01 1.129977345641014495e+02 1.828289667014919928e+01 8.773524704150895137e-02
9.701149999999999496e-01 1.081746853816865439e+02 1.726505778857852036e+01 6.510561631691803852e-02
9.897129999999999539e-01 1.035518358496022557e+02 1.629074358679757140e+01 4.377777921083001594e-02
1.009710000000000107e+00 9.912099982348696869e+01 1.535816763808206531e+01 2.370597620299828498e-02
1.030100000000000016e+00 9.487485240029178613e+01 1.446588600348680842e+01 4.860954500418543205e-03
1.050910000000000011e+00 9.080587895587940750e+01 1.361205431766837215e+01 -1.281452811771317118e-02
1.072140000000000093e+00 8.690749029504586076e+01 1.279530632445203686e+01 -2.935153954698343018e-02
1.093800000000000106e+00 8.317229487357610651e+01 1.201405825949110273e+01 -4.478804602237251159e-02
1.115899999999999892e+00 7.959403982315697590e+01 1.126691648124721112e+01 -5.916025284215014474e-02
1.138439999999999896e+00 7.616653393229358926e+01 1.055261731617341781e+01 -7.249552852923978052e-02
1.161440000000000028e+00 7.288386291573428366e+01 9.869744900126187659e+00 -8.483432755487627097e-02
1.184900000000000064e+00 6.973985377518808093e+01 9.217074447205066079e+00 -9.620075555557659752e-02
1.208839999999999915e+00 6.672898949535752422e+01 8.593291578681625964e+00 -1.066310939303913435e-01
1.233260000000000023e+00 6.384586231447779170e+01 7.997311360383140943e+00 -1.161471543184224992e-01
1.258170000000000011e+00 6.108539559590790446e+01 7.428010830613185789e+00 -1.247761759086517680e-01
1.283590000000000009e+00 5.844210739867266824e+01 6.884150749720022944e+00 -1.325478147080106639e-01
1.309520000000000017e+00 5.591173038870905998e+01 6.364840293823359474e+00 -1.394815449049238987e-01
1.335970000000000102e+00 5.348958792761030168e+01 5.869063724286278649e+00 -1.456001241175965133e-01
1.362959999999999949e+00 5.117097276376026826e+01 5.395742298252391933e+00 -1.509286238393206248e-01
1.390490000000000004e+00 4.895164235368976335e+01 4.944037889258318330e+00 -1.554824745916968121e-01
1.418579999999999952e+00 4.682764780800305005e+01 4.512997508113216760e+00 -1.592849430251708776e-01
1.447240000000000082e+00 4.479509126492141036e+01 4.101774748015314387e+00 -1.623533913262835693e-01
1.476480000000000015e+00 4.285008455439019315e+01 3.709543796278016448e+00 -1.647036224905859270e-01
1.506299999999999972e+00 4.098842361725397154e+01 3.335547778285031573e+00 -1.663455892413500392e-01
1.536729999999999929e+00 3.920762302007445044e+01 2.978975227049529551e+00 -1.673034650715559679e-01
1.567779999999999951e+00 3.750310363833615668e+01 2.639017338712498439e+00 -1.675845658899401680e-01
1.599450000000000038e+00 3.587272230237375226e+01 2.315137316441162607e+00 -1.672030476025039014e-01
1.631760000000000099e+00 3.431268364996000031e+01 2.006560061102904857e+00 -1.661692027465694887e-01
1.664719999999999978e+00 3.282014112915813797e+01 1.712667534164335370e+00 -1.644936053700031542e-01
1.698350000000000026e+00 3.139222558499706750e+01 1.432796455253554813e+00 -1.621868631328551302e-01
1.732660000000000089e+00 3.002614670788958406e+01 1.166373970669229543e+00 -1.592566751697686855e-01
1.767660000000000009e+00 2.871926655226822689e+01 9.128538333041182895e-01 -1.557103833455110997e-01
1.803369999999999918e+00 2.746903454879805651e+01 6.716556839561214076e-01 -1.515553488542890903e-01
1.839800000000000102e+00 2.627301127535885783e+01 4.422837265156552289e-01 -1.467971834933144981e-01
1.876970000000000027e+00 2.512884548048570110e+01 2.242098796879537781e-01 -1.414412255316792877e-01
1.914889999999999981e+00 2.403432972863899053e+01 1.698572226260619544e-02 -1.354919075833800612e-01
1.953570000000000029e+00 2.298726598660268294e+01 -1.798176883967781969e-01 -1.289529502829885321e-01
1.993039999999999923e+00 2.198562485645912545e+01 -3.667092236212305401e-01 -1.218273416656913688e-01
2.033300000000000107e+00 2.102739468032063641e+01 -5.440225580115585213e-01 -1.141179835506168361e-01
2.074370000000000047e+00 2.011069640743441056e+01 -7.121737063014962343e-01 -1.058270435901278311e-01
2.116280000000000161e+00 1.923367409780688675e+01 -8.716002752438288814e-01 -9.695445048341533312e-02
2.159030000000000005e+00 1.839462120320904504e+01 -1.022582118902700898e+00 -8.750304885732322624e-02
2.202650000000000219e+00 1.759184101863890604e+01 -1.165515700844399483e+00 -7.747177684648770546e-02
2.247139999999999915e+00 1.682381485478900984e+01 -1.300653280204052908e+00 -6.686403566766049855e-02
2.292539999999999800e+00 1.608894871428168827e+01 -1.428392262031678461e+00 -5.567599752652228201e-02
2.338849999999999874e+00 1.538584401115717526e+01 -1.548953138591427026e+00 -4.391113857383651536e-02
2.386099999999999888e+00 1.471311681129059679e+01 -1.662661797796042507e+00 -3.156707030207366732e-02
2.434299999999999908e+00 1.406936752815832925e+01 -1.769738928383551180e+00 -1.864555678859508916e-02
2.483480000000000132e+00 1.345339933677562883e+01 -1.870483596886908462e+00 -5.144067825394687057e-03
2.533650000000000180e+00 1.286393158349095067e+01 -1.965087504427381893e+00 8.934795233474963905e-03
2.584830000000000183e+00 1.229983791559140549e+01 -2.053780155016544651e+00 2.359031192821367182e-02
2.637049999999999894e+00 1.175995317284312236e+01 -2.136796669994544651e+00 3.882438607551812887e-02
2.690319999999999823e+00 1.124328410209849238e+01 -2.214311492002480453e+00 5.463231272683547607e-02
2.744660000000000100e+00 1.074879722841990137e+01 -2.286508027206474836e+00 7.101131511343140856e-02
2.800110000000000099e+00 1.027550208147755484e+01 -2.353617533885561830e+00 8.796504744615712967e-02
2.856679999999999886e+00 9.822495853787343023e+00 -2.415773870449865246e+00 1.054857518731971144e-01
2.914390000000000036e+00 9.388899855010325979e+00 -2.473130260210263831e+00 1.235677233395770930e-01
2.973259999999999792e+00 8.973905389667256927e+00 -2.525839481772275352e+00 1.422042620028919624e-01
3.033319999999999794e+00 8.576668593685653263e+00 -2.574053103628728856e+00 1.613904237818127585e-01
3.094599999999999795e+00 8.196387113086641918e+00 -2.617909975205216178e+00 1.811196487657434628e-01
3.157119999999999926e+00 7.832341224491900178e+00 -2.657526679268738867e+00 2.013799030853783145e-01
3.220899999999999874e+00 7.483877802742914476e+00 -2.693026216442901077e+00 2.221580001827920259e-01
3.285960000000000214e+00 7.150263525876196624e+00 -2.724486848087952939e+00 2.434352413471845000e-01
3.352339999999999876e+00 6.830868500522819353e+00 -2.752050521384691972e+00 2.652021179050296773e-01
3.420059999999999878e+00 6.525122304824250818e+00 -2.775817947801084706e+00 2.874382352429547538e-01
3.489160000000000039e+00 6.232384303438779583e+00 -2.795887395355697524e+00 3.101266951386718040e-01
3.559639999999999915e+00 5.952176190967143121e+00 -2.812325102149520362e+00 3.332326465260625481e-01
3.631549999999999834e+00 5.683946906198182880e+00 -2.825256770760578906e+00 3.567403749690845616e-01
3.704909999999999926e+00 5.427183765160467743e+00 -2.834746087182296037e+00 3.806153359016639648e-01
3.779760000000000009e+00 5.181417180978773018e+00 -2.840901693335847078e+00 4.048319804204202899e-01
3.856110000000000149e+00 4.946157975494257286e+00 -2.843751245957792051e+00 4.293409760780765860e-01
3.934009999999999785e+00 4.720995624717928330e+00 -2.843423309559633960e+00 4.541166116342633119e-01
4.013480000000000381e+00 4.505498843762344663e+00 -2.839968400136452686e+00 4.791088879599611494e-01
4.094560000000000421e+00 4.299253300601446171e+00 -2.833466195610222726e+00 5.042748452061341924e-01
4.177270000000000039e+00 4.101891849256272593e+00 -2.823982173445523269e+00 5.295587753831920708e-01
4.261660000000000004e+00 3.913031480610297042e+00 -2.811604275313857482e+00 5.549149215806243873e-01
4.347749999999999559e+00 3.732389733713783908e+00 -2.796436912244683715e+00 5.802876368813751906e-01
4.435579999999999856e+00 3.559577277273590301e+00 -2.778526489874535876e+00 6.056123329028086921e-01
4.525190000000000268e+00 3.394284456244907933e+00 -2.757964716097474067e+00 6.308294607804987297e-01
4.616600000000000037e+00 3.236241141569464741e+00 -2.734843254479677466e+00 6.558693013362201230e-01
4.709869999999999557e+00 3.085111977322630317e+00 -2.709238670129191728e+00 6.806681714944963213e-01
4.805010000000000225e+00 2.940641108026150974e+00 -2.681227841237396436e+00 7.051416439461204444e-01
4.902079999999999771e+00 2.802549521430527601e+00 -2.650915423336357435e+00 7.292254461412971400e-01
5.001109999999999722e+00 2.670600197141848486e+00 -2.618404901057516554e+00 7.528422559017500237e-01
5.102140000000000342e+00 2.544511501634772799e+00 -2.583760186691317351e+00 7.759035945292133141e-01
5.205210000000000115e+00 2.424070659595888522e+00 -2.547105237955102908e+00 7.983353362796135055e-01
5.310360000000000191e+00 2.309066932304114417e+00 -2.508562735830428991e+00 8.200618375062310728e-01
5.417629999999999946e+00 2.199251625418100708e+00 -2.468208745607336496e+00 8.409907944266660218e-01
5.527079999999999771e+00 2.094413748771079220e+00 -2.426166338014971835e+00 8.610499119267309709e-01
5.638729999999999798e+00 1.994379216577770730e+00 -2.382567586113392810e+00 8.801575550336029341e-01
5.752640000000000420e+00 1.898923018644814276e+00 -2.337507904167218431e+00 8.982317769828437326e-01
5.868850000000000122e+00 1.807878536626105204e+00 -2.291132346101397044e+00 9.152036916011501155e-01
5.987409999999999677e+00 1.721057155204081646e+00 -2.243560164283349145e+00 9.309999500123646854e-01
6.108360000000000234e+00 1.638285245401967183e+00 -2.194917712136564170e+00 9.455496508573945080e-01
6.231760000000000410e+00 1.559389883276342426e+00 -2.145335713717599457e+00 9.587932216717786060e-01
6.357649999999999579e+00 1.484207904708315651e+00 -2.094940969057057067e+00 9.706681876173967050e-01
6.486089999999999911e+00 1.412578961922309695e+00 -2.043865618899829428e+00 9.811255503453759630e-01
6.617110000000000269e+00 1.344355320505234985e+00 -1.992240134834662557e+00 9.901140893973803259e-01
6.750790000000000290e+00 1.279380953306020974e+00 -1.940193041732344748e+00 9.976021938318091475e-01
6.887159999999999727e+00 1.217519470397617543e+00 -1.887854682367532178e+00 1.003554602333636359e+00
7.026290000000000369e+00 1.158627486601343737e+00 -1.835348479833461388e+00 1.007951726148136995e+00
7.168230000000000324e+00 1.102568407126728545e+00 -1.782790747492460914e+00 1.010774839397890812e+00
7.313039999999999985e+00 1.049211477280001636e+00 -1.730298337613031423e+00 1.012018154600748732e+00
7.460770000000000124e+00 9.984289632396704528e-01 -1.677978421196941294e+00 1.011679088862512010e+00
7.611489999999999867e+00 9.500992317537262366e-01 -1.625939798679429504e+00 1.009771545223008271e+00
7.765249999999999986e+00 9.041064815313702985e-01 -1.574283600159745333e+00 1.006312557517555994e+00
7.922119999999999607e+00 8.603354792728669098e-01 -1.523101856382621966e+00 1.001329269679315681e+00
8.082169999999999632e+00 8.186799918567594370e-01 -1.472487442451980710e+00 9.948611347063572863e-01
8.245430000000000703e+00 7.790396823291546591e-01 -1.422523924029310605e+00 9.869471415412416349e-01
8.412000000000000810e+00 7.413126962584833946e-01 -1.373287149393175754e+00 9.776444672682876869e-01
8.581929999999999836e+00 7.054068724626192388e-01 -1.324848779309246494e+00 9.670107558018438132e-01
8.755300000000000082e+00 6.712328893517512940e-01 -1.277274466850389922e+00 9.551150675514600286e-01
8.932169999999999277e+00 6.387147238350010525e-01 -1.230638273925144022e+00 9.420409426898610494e-01
9.112610000000000099e+00 6.077731437018512040e-01 -1.184995055480591475e+00 9.278695668786886008e-01
9.296699999999999520e+00 5.783357929309081991e-01 -1.140399385464917925e+00 9.126925014842733885e-01
9.484510000000000218e+00 5.503290677089519578e-01 -1.096888567764568778e+00 8.965950230201068516e-01
9.676099999999999923e+00 5.236894802386986569e-01 -1.054505873484590239e+00 8.796739266055454420e-01
9.871579999999999799e+00 4.983454470403206882e-01 -1.013267926835977883e+00 8.620150902232859291e-01
1.007099999999999973e+01 4.742393034960460940e-01 -9.732032483663135558e-01 8.437138948580310549e-01
1.027439999999999998e+01 4.513116068914428958e-01 -9.343249509042990120e-01 8.248569826521320314e-01
1.048199999999999932e+01 4.294984813993269479e-01 -8.966321379570254546e-01 8.055343360551783238e-01
