1.000000000000000021e-02
1.096847755153250795e-02
1.203074997984725746e-02
1.319590110820548223e-02
1.447389450775947786e-02
1.587565869916094871e-02
1.741318060575386406e-02
1.909960805749925244e-02
2.094936222217499630e-02
2.297826092528496358e-02
2.520365391322447121e-02
2.764457121637970902e-02
3.032188588086025607e-02
3.325849246043462160e-02
3.647950279500903475e-02
4.001246074981239936e-02
4.388757775158928787e-02
4.813799113594446899e-02
5.280004751504777799e-02
5.791361358886513294e-02
6.352241705775951708e-02
6.967442055171210735e-02
7.642223177374894705e-02
8.382355336483796049e-02
9.194167633719124710e-02
1.008460212954749857e-01
1.106127320740786651e-01
1.213253268668211676e-01
1.330754124171071862e-01
1.459634673757970735e-01
1.600997015255277711e-01
1.756049982189806236e-01
1.926119480901795078e-01
2.112659828784078653e-01
2.317266190604267972e-01
2.541688219256816317e-01
2.787845017591302765e-01
3.057841549260195690e-01
3.353986638920384289e-01
3.678812715713820070e-01
4.035097468859937808e-01
4.425887600543587097e-01
4.854524879216841615e-01
5.324674716104599304e-01
5.840357509280602599e-01
6.405983023346859540e-01
7.026388098707838648e-01
7.706878012903211062e-01
8.453271847692832575e-01
9.271952249842057014e-01
1.016992001112739352e+00
1.115485393429321181e+00
1.223517649689191078e+00
1.342012587451969940e+00
1.471983493934099885e+00
1.614541790944256983e+00
1.770906538998316515e+00
1.942414861886515354e+00
2.130533380836537205e+00
2.336870756049623132e+00
2.563191442856307845e+00
2.811430780124962059e+00
3.083711539948818636e+00
3.382362080133037630e+00
3.709936254709400583e+00
4.069235252739662911e+00
4.463331552157972837e+00
4.895595193489149288e+00
5.369722598117615320e+00
5.889768177540985583e+00
6.460179003908886664e+00
7.085832838325630156e+00
7.772079842108650993e+00
8.524788327688701983e+00
9.350394940381992370e+00
1.025595970015430858e+01
1.124922637405645531e+01
1.233868869559455916e+01
1.353366299729769295e+01
1.484436787758659726e+01
1.628201158319987840e+01
1.785888785441200355e+01
1.958848105264547357e+01
2.148558146945618574e+01
2.356641180293528848e+01
2.584876588306663336e+01
2.835216083232359097e+01
3.109800396267806732e+01
3.410977583621031783e+01
3.741323105472787347e+01
4.103661849540817741e+01
4.501092287576885553e+01
4.937012971366314673e+01
5.415151594805620761e+01
5.939596870577094023e+01
6.514833494007763193e+01
7.145780493099620401e+01
7.837833292674204699e+01
8.596909852335117819e+01
9.429501272788644428e+01
1.034272730327294028e+02
1.134439722475715513e+02
1.244307662954167313e+02
1.364816066831265573e+02
1.496995439100961960e+02
1.641976086852544370e+02
1.800997784879531594e+02
1.975420377381094568e+02
2.166735406414440206e+02
2.376578866536744101e+02
2.606745194705488871e+02
2.859202615069237936e+02
3.136109969866996039e+02
3.439835180362342157e+02
3.772975495677611093e+02
4.138379702682217385e+02
4.539172486858765865e+02
4.978781152464433717e+02
5.460964930479937038e+02
5.989847124967544687e+02
6.569950372731801735e+02
7.206235317799136055e+02
7.904143031434051636e+02
8.669641540438664151e+02
9.509276861613515166e+02
